5.600000000000000000e+01 1.140100000000000136e+03
5.600000000000000000e+01 2.163400000000000091e+03
4.800000000000000000e+01 3.300750000000000000e+03
5.600000000000000000e+01 3.386800000000000182e+03
5.600000000000000000e+01 3.462400000000000091e+03
5.600000000000000000e+01 3.949750000000000000e+03
5.600000000000000000e+01 5.258199999999999818e+03
5.600000000000000000e+01 5.555150000000000546e+03
4.800000000000000000e+01 5.681900000000000546e+03
4.800000000000000000e+01 5.878000000000000000e+03
4.800000000000000000e+01 6.184400000000000546e+03
4.800000000000000000e+01 6.662150000000000546e+03
4.800000000000000000e+01 6.710449999999999818e+03
4.800000000000000000e+01 6.835199999999999818e+03
5.600000000000000000e+01 7.513850000000000364e+03
5.600000000000000000e+01 7.946650000000000546e+03
4.900000000000000000e+01 6.158500000000000227e+02
4.100000000000000000e+01 8.183500000000000227e+02
5.700000000000000000e+01 1.193400000000000091e+03
4.900000000000000000e+01 1.207650000000000091e+03
4.100000000000000000e+01 1.793100000000000136e+03
5.700000000000000000e+01 2.125349999999999909e+03
4.900000000000000000e+01 2.135250000000000000e+03
4.100000000000000000e+01 2.386599999999999909e+03
5.700000000000000000e+01 3.131200000000000273e+03
4.100000000000000000e+01 3.281200000000000273e+03
5.700000000000000000e+01 3.453099999999999909e+03
5.700000000000000000e+01 3.974599999999999909e+03
4.100000000000000000e+01 4.083150000000000091e+03
4.900000000000000000e+01 5.028900000000000546e+03
5.700000000000000000e+01 5.162699999999999818e+03
4.100000000000000000e+01 5.514300000000000182e+03
4.900000000000000000e+01 5.838250000000000000e+03
4.900000000000000000e+01 6.083100000000000364e+03
4.100000000000000000e+01 6.676800000000000182e+03
4.900000000000000000e+01 6.824050000000000182e+03
5.700000000000000000e+01 6.883550000000000182e+03
4.100000000000000000e+01 6.936949999999999818e+03
4.100000000000000000e+01 7.043500000000000000e+03
5.700000000000000000e+01 7.231500000000000000e+03
5.700000000000000000e+01 7.429000000000000000e+03
4.100000000000000000e+01 7.484800000000000182e+03
4.100000000000000000e+01 7.531199999999999818e+03
4.900000000000000000e+01 7.679100000000000364e+03
5.700000000000000000e+01 7.753600000000000364e+03
5.000000000000000000e+01 7.417500000000000000e+02
5.800000000000000000e+01 1.219750000000000000e+03
5.800000000000000000e+01 1.678900000000000091e+03
5.800000000000000000e+01 1.945450000000000045e+03
5.000000000000000000e+01 2.380000000000000000e+03
5.800000000000000000e+01 3.105900000000000091e+03
5.000000000000000000e+01 3.276599999999999909e+03
5.800000000000000000e+01 3.561150000000000091e+03
4.200000000000000000e+01 3.861700000000000273e+03
4.200000000000000000e+01 4.225300000000000182e+03
4.200000000000000000e+01 4.639750000000000000e+03
4.200000000000000000e+01 4.760150000000000546e+03
5.800000000000000000e+01 4.785900000000000546e+03
4.200000000000000000e+01 5.081850000000000364e+03
5.000000000000000000e+01 5.494850000000000364e+03
5.000000000000000000e+01 5.778500000000000000e+03
5.000000000000000000e+01 5.838250000000000000e+03
5.000000000000000000e+01 5.852350000000000364e+03
5.800000000000000000e+01 5.933750000000000000e+03
5.800000000000000000e+01 6.205949999999999818e+03
4.200000000000000000e+01 6.649000000000000000e+03
4.200000000000000000e+01 6.700250000000000000e+03
5.000000000000000000e+01 6.733750000000000000e+03
5.000000000000000000e+01 7.024400000000000546e+03
5.000000000000000000e+01 7.475900000000000546e+03
4.200000000000000000e+01 7.684050000000000182e+03
5.100000000000000000e+01 9.156499999999999773e+02
4.300000000000000000e+01 1.531049999999999955e+03
4.300000000000000000e+01 1.817150000000000091e+03
5.900000000000000000e+01 1.992600000000000136e+03
4.300000000000000000e+01 2.348250000000000000e+03
5.100000000000000000e+01 2.382700000000000273e+03
5.900000000000000000e+01 2.860349999999999909e+03
4.300000000000000000e+01 3.071550000000000182e+03
5.900000000000000000e+01 3.107700000000000273e+03
5.900000000000000000e+01 3.436650000000000091e+03
5.100000000000000000e+01 3.568000000000000000e+03
5.900000000000000000e+01 4.267750000000000000e+03
4.300000000000000000e+01 4.575250000000000000e+03
5.100000000000000000e+01 4.746650000000000546e+03
4.300000000000000000e+01 4.780000000000000000e+03
5.100000000000000000e+01 5.392550000000000182e+03
5.100000000000000000e+01 5.943600000000000364e+03
4.300000000000000000e+01 5.988000000000000000e+03
5.100000000000000000e+01 6.092000000000000000e+03
5.900000000000000000e+01 6.100850000000000364e+03
4.300000000000000000e+01 6.645400000000000546e+03
5.900000000000000000e+01 6.670199999999999818e+03
4.300000000000000000e+01 6.707550000000000182e+03
4.300000000000000000e+01 6.780250000000000000e+03
5.100000000000000000e+01 6.824800000000000182e+03
5.900000000000000000e+01 7.109199999999999818e+03
4.300000000000000000e+01 7.598250000000000000e+03
4.300000000000000000e+01 7.854100000000000364e+03
5.900000000000000000e+01 7.913400000000000546e+03
6.000000000000000000e+01 5.898999999999999773e+02
5.200000000000000000e+01 6.409500000000000455e+02
6.000000000000000000e+01 9.162500000000000000e+02
6.000000000000000000e+01 9.598999999999999773e+02
5.200000000000000000e+01 2.569849999999999909e+03
5.200000000000000000e+01 3.144349999999999909e+03
4.400000000000000000e+01 5.007850000000000364e+03
5.200000000000000000e+01 5.138699999999999818e+03
5.200000000000000000e+01 5.359300000000000182e+03
4.400000000000000000e+01 5.389949999999999818e+03
5.200000000000000000e+01 5.395400000000000546e+03
4.400000000000000000e+01 5.710300000000000182e+03
6.000000000000000000e+01 5.860800000000000182e+03
5.200000000000000000e+01 5.937000000000000000e+03
5.200000000000000000e+01 5.990500000000000000e+03
5.200000000000000000e+01 6.183650000000000546e+03
4.400000000000000000e+01 6.187350000000000364e+03
4.400000000000000000e+01 6.224850000000000364e+03
6.000000000000000000e+01 6.653600000000000364e+03
5.200000000000000000e+01 6.794500000000000000e+03
6.000000000000000000e+01 7.042699999999999818e+03
5.200000000000000000e+01 7.839949999999999818e+03
4.400000000000000000e+01 7.898199999999999818e+03
4.400000000000000000e+01 7.930449999999999818e+03
5.300000000000000000e+01 2.043499999999999943e+02
5.300000000000000000e+01 1.441650000000000091e+03
5.300000000000000000e+01 1.668200000000000045e+03
5.300000000000000000e+01 1.807750000000000000e+03
5.300000000000000000e+01 2.912400000000000091e+03
4.500000000000000000e+01 3.071099999999999909e+03
4.500000000000000000e+01 3.129750000000000000e+03
4.500000000000000000e+01 3.553450000000000273e+03
5.300000000000000000e+01 4.865949999999999818e+03
4.500000000000000000e+01 4.938000000000000000e+03
5.300000000000000000e+01 5.089500000000000000e+03
5.300000000000000000e+01 5.118100000000000364e+03
5.300000000000000000e+01 5.780449999999999818e+03
5.300000000000000000e+01 6.154300000000000182e+03
5.300000000000000000e+01 6.324600000000000364e+03
4.500000000000000000e+01 6.467300000000000182e+03
5.300000000000000000e+01 6.510050000000000182e+03
5.300000000000000000e+01 6.651350000000000364e+03
5.300000000000000000e+01 6.716050000000000182e+03
5.300000000000000000e+01 6.782699999999999818e+03
4.500000000000000000e+01 7.261550000000000182e+03
5.300000000000000000e+01 7.710949999999999818e+03
4.500000000000000000e+01 7.815150000000000546e+03
5.300000000000000000e+01 7.847750000000000000e+03
5.400000000000000000e+01 2.922500000000000000e+02
5.400000000000000000e+01 1.572299999999999955e+03
5.400000000000000000e+01 1.931750000000000000e+03
4.600000000000000000e+01 1.942200000000000045e+03
4.600000000000000000e+01 2.124750000000000000e+03
5.400000000000000000e+01 2.153599999999999909e+03
5.400000000000000000e+01 3.298450000000000273e+03
5.400000000000000000e+01 3.437250000000000000e+03
4.600000000000000000e+01 3.748750000000000000e+03
5.400000000000000000e+01 3.899550000000000182e+03
5.400000000000000000e+01 5.412550000000000182e+03
4.600000000000000000e+01 5.546000000000000000e+03
4.600000000000000000e+01 5.877150000000000546e+03
5.400000000000000000e+01 6.359600000000000364e+03
5.400000000000000000e+01 6.478550000000000182e+03
5.400000000000000000e+01 6.691900000000000546e+03
4.600000000000000000e+01 6.738300000000000182e+03
4.600000000000000000e+01 6.826750000000000000e+03
4.600000000000000000e+01 7.221699999999999818e+03
4.600000000000000000e+01 7.501050000000000182e+03
4.600000000000000000e+01 7.590550000000000182e+03
5.400000000000000000e+01 7.852949999999999818e+03
5.500000000000000000e+01 4.919499999999999886e+02
5.500000000000000000e+01 1.799000000000000000e+03
5.500000000000000000e+01 2.312700000000000273e+03
4.700000000000000000e+01 2.367700000000000273e+03
5.500000000000000000e+01 4.067849999999999909e+03
4.700000000000000000e+01 5.145400000000000546e+03
4.700000000000000000e+01 5.990050000000000182e+03
5.500000000000000000e+01 5.996449999999999818e+03
5.500000000000000000e+01 6.044550000000000182e+03
4.700000000000000000e+01 6.120949999999999818e+03
5.500000000000000000e+01 6.185400000000000546e+03
5.500000000000000000e+01 6.618250000000000000e+03
5.500000000000000000e+01 6.705350000000000364e+03
4.700000000000000000e+01 6.939650000000000546e+03
5.500000000000000000e+01 7.047449999999999818e+03
4.700000000000000000e+01 7.048850000000000364e+03
5.500000000000000000e+01 7.161199999999999818e+03
5.500000000000000000e+01 7.384199999999999818e+03
5.500000000000000000e+01 7.439300000000000182e+03
4.700000000000000000e+01 7.504150000000000546e+03
5.500000000000000000e+01 7.707050000000000182e+03
4.700000000000000000e+01 7.901100000000000364e+03
