2.400000000000000000e+01 2.555999999999999943e+02
4.000000000000000000e+01 9.518000000000000682e+02
3.200000000000000000e+01 1.650950000000000045e+03
2.400000000000000000e+01 2.113699999999999818e+03
2.400000000000000000e+01 2.288300000000000182e+03
3.200000000000000000e+01 2.380200000000000273e+03
2.400000000000000000e+01 2.517099999999999909e+03
2.400000000000000000e+01 2.635450000000000273e+03
4.000000000000000000e+01 2.789849999999999909e+03
2.400000000000000000e+01 3.355849999999999909e+03
4.000000000000000000e+01 3.553450000000000273e+03
4.000000000000000000e+01 3.592849999999999909e+03
3.200000000000000000e+01 3.620300000000000182e+03
4.000000000000000000e+01 3.863550000000000182e+03
4.000000000000000000e+01 4.537750000000000000e+03
3.200000000000000000e+01 4.692400000000000546e+03
2.400000000000000000e+01 4.809850000000000364e+03
4.000000000000000000e+01 4.880750000000000000e+03
2.400000000000000000e+01 5.053650000000000546e+03
2.400000000000000000e+01 5.547050000000000182e+03
3.200000000000000000e+01 5.864400000000000546e+03
3.200000000000000000e+01 6.486449999999999818e+03
3.200000000000000000e+01 6.506550000000000182e+03
3.200000000000000000e+01 6.806400000000000546e+03
3.200000000000000000e+01 6.837699999999999818e+03
2.400000000000000000e+01 7.012600000000000364e+03
4.000000000000000000e+01 7.219300000000000182e+03
3.200000000000000000e+01 7.342000000000000000e+03
3.200000000000000000e+01 7.726750000000000000e+03
4.000000000000000000e+01 7.927449999999999818e+03
3.200000000000000000e+01 7.931500000000000000e+03
2.500000000000000000e+01 6.668500000000000227e+02
3.300000000000000000e+01 1.498250000000000000e+03
2.500000000000000000e+01 1.719000000000000000e+03
2.500000000000000000e+01 1.838500000000000000e+03
3.300000000000000000e+01 2.180199999999999818e+03
2.500000000000000000e+01 2.488400000000000091e+03
2.500000000000000000e+01 2.879099999999999909e+03
2.500000000000000000e+01 3.579250000000000000e+03
2.500000000000000000e+01 4.515800000000000182e+03
3.300000000000000000e+01 4.584600000000000364e+03
2.500000000000000000e+01 4.596400000000000546e+03
2.500000000000000000e+01 5.238500000000000000e+03
3.300000000000000000e+01 5.255500000000000000e+03
2.500000000000000000e+01 5.593750000000000000e+03
2.500000000000000000e+01 5.694100000000000364e+03
3.300000000000000000e+01 6.120699999999999818e+03
2.500000000000000000e+01 6.754600000000000364e+03
3.300000000000000000e+01 7.450900000000000546e+03
3.300000000000000000e+01 7.577300000000000182e+03
2.500000000000000000e+01 7.659900000000000546e+03
2.500000000000000000e+01 7.767300000000000182e+03
3.300000000000000000e+01 7.801750000000000000e+03
3.400000000000000000e+01 8.000000000000000000e+02
3.400000000000000000e+01 1.284600000000000136e+03
3.400000000000000000e+01 1.378200000000000045e+03
3.400000000000000000e+01 1.832100000000000136e+03
3.400000000000000000e+01 2.403300000000000182e+03
2.600000000000000000e+01 2.743250000000000000e+03
3.400000000000000000e+01 2.873750000000000000e+03
2.600000000000000000e+01 3.549099999999999909e+03
3.400000000000000000e+01 3.568400000000000091e+03
2.600000000000000000e+01 4.778850000000000364e+03
3.400000000000000000e+01 4.823600000000000364e+03
3.400000000000000000e+01 4.896300000000000182e+03
2.600000000000000000e+01 5.622300000000000182e+03
3.400000000000000000e+01 6.752150000000000546e+03
3.400000000000000000e+01 7.615850000000000364e+03
2.700000000000000000e+01 2.140000000000000213e+01
3.500000000000000000e+01 4.104499999999999886e+02
3.500000000000000000e+01 2.760500000000000000e+03
3.500000000000000000e+01 3.353500000000000000e+03
3.500000000000000000e+01 3.442550000000000182e+03
2.700000000000000000e+01 4.875650000000000546e+03
2.700000000000000000e+01 4.933250000000000000e+03
3.500000000000000000e+01 5.807900000000000546e+03
2.700000000000000000e+01 5.812850000000000364e+03
2.700000000000000000e+01 6.467400000000000546e+03
2.700000000000000000e+01 6.609350000000000364e+03
3.500000000000000000e+01 6.620500000000000000e+03
2.700000000000000000e+01 7.130050000000000182e+03
2.700000000000000000e+01 7.311449999999999818e+03
3.500000000000000000e+01 7.343250000000000000e+03
3.500000000000000000e+01 7.730600000000000364e+03
2.700000000000000000e+01 7.746650000000000546e+03
2.700000000000000000e+01 7.860500000000000000e+03
2.800000000000000000e+01 1.071500000000000000e+03
2.800000000000000000e+01 1.661150000000000091e+03
3.600000000000000000e+01 1.711500000000000000e+03
2.800000000000000000e+01 2.123900000000000091e+03
2.800000000000000000e+01 2.481849999999999909e+03
2.800000000000000000e+01 2.711400000000000091e+03
2.800000000000000000e+01 3.346050000000000182e+03
2.800000000000000000e+01 3.580750000000000000e+03
2.800000000000000000e+01 4.326949999999999818e+03
2.800000000000000000e+01 4.884449999999999818e+03
2.800000000000000000e+01 5.044050000000000182e+03
2.800000000000000000e+01 5.293850000000000364e+03
2.800000000000000000e+01 5.618150000000000546e+03
3.600000000000000000e+01 5.787400000000000546e+03
2.800000000000000000e+01 6.052350000000000364e+03
3.600000000000000000e+01 6.222600000000000364e+03
3.600000000000000000e+01 6.380550000000000182e+03
2.800000000000000000e+01 6.451900000000000546e+03
2.800000000000000000e+01 7.844000000000000000e+03
2.900000000000000000e+01 1.657350000000000136e+03
2.100000000000000000e+01 1.838799999999999955e+03
2.100000000000000000e+01 2.093099999999999909e+03
3.700000000000000000e+01 2.134449999999999818e+03
2.900000000000000000e+01 2.503000000000000000e+03
2.100000000000000000e+01 2.887550000000000182e+03
2.900000000000000000e+01 3.342200000000000273e+03
3.700000000000000000e+01 3.359900000000000091e+03
3.700000000000000000e+01 3.569200000000000273e+03
2.900000000000000000e+01 3.835950000000000273e+03
2.900000000000000000e+01 4.564150000000000546e+03
2.100000000000000000e+01 5.579400000000000546e+03
2.100000000000000000e+01 6.227900000000000546e+03
2.100000000000000000e+01 6.502100000000000364e+03
2.100000000000000000e+01 6.525050000000000182e+03
2.900000000000000000e+01 6.817600000000000364e+03
3.000000000000000000e+01 4.573500000000000227e+02
3.800000000000000000e+01 5.214500000000000455e+02
2.200000000000000000e+01 1.708350000000000136e+03
3.800000000000000000e+01 1.788450000000000045e+03
3.000000000000000000e+01 1.840299999999999955e+03
3.800000000000000000e+01 2.010450000000000045e+03
2.200000000000000000e+01 2.418050000000000182e+03
2.200000000000000000e+01 2.748599999999999909e+03
3.800000000000000000e+01 2.965450000000000273e+03
3.800000000000000000e+01 3.481349999999999909e+03
3.000000000000000000e+01 3.650200000000000273e+03
3.800000000000000000e+01 4.329199999999999818e+03
3.800000000000000000e+01 4.600900000000000546e+03
3.000000000000000000e+01 5.585750000000000000e+03
3.800000000000000000e+01 5.793500000000000000e+03
3.000000000000000000e+01 6.008150000000000546e+03
3.000000000000000000e+01 6.222350000000000364e+03
3.800000000000000000e+01 7.141449999999999818e+03
3.000000000000000000e+01 7.225250000000000000e+03
3.800000000000000000e+01 7.447650000000000546e+03
2.200000000000000000e+01 7.768100000000000364e+03
2.300000000000000000e+01 4.097500000000000000e+02
2.300000000000000000e+01 5.257999999999999545e+02
3.900000000000000000e+01 6.571499999999999773e+02
3.900000000000000000e+01 8.188500000000000227e+02
2.300000000000000000e+01 1.301750000000000000e+03
3.900000000000000000e+01 1.707500000000000000e+03
2.300000000000000000e+01 1.779850000000000136e+03
2.300000000000000000e+01 1.846000000000000000e+03
2.300000000000000000e+01 2.619750000000000000e+03
3.100000000000000000e+01 2.634750000000000000e+03
3.900000000000000000e+01 2.668450000000000273e+03
3.100000000000000000e+01 2.964300000000000182e+03
3.100000000000000000e+01 3.171150000000000091e+03
3.900000000000000000e+01 3.376050000000000182e+03
3.100000000000000000e+01 3.837050000000000182e+03
3.100000000000000000e+01 4.236399999999999636e+03
3.900000000000000000e+01 4.780449999999999818e+03
3.100000000000000000e+01 5.369650000000000546e+03
3.900000000000000000e+01 5.574850000000000364e+03
3.900000000000000000e+01 6.121350000000000364e+03
3.100000000000000000e+01 6.184000000000000000e+03
2.300000000000000000e+01 6.737400000000000546e+03
2.300000000000000000e+01 7.206150000000000546e+03
3.100000000000000000e+01 7.209199999999999818e+03
3.900000000000000000e+01 7.531550000000000182e+03
3.100000000000000000e+01 7.644850000000000364e+03
2.300000000000000000e+01 7.725150000000000546e+03
