2.400000000000000000e+01 2.555999999999999943e+02
4.000000000000000000e+01 9.518000000000000682e+02
3.200000000000000000e+01 1.650950000000000045e+03
2.400000000000000000e+01 2.113699999999999818e+03
2.400000000000000000e+01 2.288300000000000182e+03
3.200000000000000000e+01 2.380200000000000273e+03
2.400000000000000000e+01 2.517099999999999909e+03
2.400000000000000000e+01 2.635450000000000273e+03
4.000000000000000000e+01 2.789849999999999909e+03
2.400000000000000000e+01 3.144300000000000182e+03
2.400000000000000000e+01 3.227250000000000000e+03
4.000000000000000000e+01 3.465000000000000000e+03
3.200000000000000000e+01 3.611349999999999909e+03
4.000000000000000000e+01 3.623900000000000091e+03
2.400000000000000000e+01 3.789250000000000000e+03
2.400000000000000000e+01 4.009750000000000000e+03
3.200000000000000000e+01 4.157050000000000182e+03
2.400000000000000000e+01 4.231449999999999818e+03
2.400000000000000000e+01 4.735199999999999818e+03
2.400000000000000000e+01 5.032350000000000364e+03
4.000000000000000000e+01 5.203400000000000546e+03
2.400000000000000000e+01 5.258949999999999818e+03
4.000000000000000000e+01 5.271250000000000000e+03
4.000000000000000000e+01 5.467800000000000182e+03
2.400000000000000000e+01 5.547199999999999818e+03
2.400000000000000000e+01 6.064100000000000364e+03
4.000000000000000000e+01 6.080750000000000000e+03
4.000000000000000000e+01 6.537600000000000364e+03
4.000000000000000000e+01 7.451550000000000182e+03
2.400000000000000000e+01 7.564900000000000546e+03
2.400000000000000000e+01 7.605750000000000000e+03
4.000000000000000000e+01 7.646199999999999818e+03
3.200000000000000000e+01 7.648500000000000000e+03
2.500000000000000000e+01 6.668500000000000227e+02
3.300000000000000000e+01 1.498250000000000000e+03
2.500000000000000000e+01 1.719000000000000000e+03
2.500000000000000000e+01 1.838500000000000000e+03
3.300000000000000000e+01 2.180199999999999818e+03
2.500000000000000000e+01 2.488400000000000091e+03
2.500000000000000000e+01 2.879099999999999909e+03
3.300000000000000000e+01 3.123000000000000000e+03
3.300000000000000000e+01 3.145300000000000182e+03
2.500000000000000000e+01 3.699750000000000000e+03
3.300000000000000000e+01 4.605600000000000364e+03
2.500000000000000000e+01 4.837800000000000182e+03
2.500000000000000000e+01 5.081800000000000182e+03
2.500000000000000000e+01 5.264000000000000000e+03
3.300000000000000000e+01 5.867250000000000000e+03
2.500000000000000000e+01 5.971400000000000546e+03
2.500000000000000000e+01 6.059900000000000546e+03
3.300000000000000000e+01 6.064550000000000182e+03
2.500000000000000000e+01 6.188650000000000546e+03
3.300000000000000000e+01 6.535050000000000182e+03
3.300000000000000000e+01 6.977550000000000182e+03
3.300000000000000000e+01 7.010699999999999818e+03
3.300000000000000000e+01 7.473949999999999818e+03
3.300000000000000000e+01 7.545500000000000000e+03
3.300000000000000000e+01 7.649550000000000182e+03
2.500000000000000000e+01 7.767449999999999818e+03
3.300000000000000000e+01 7.874550000000000182e+03
3.300000000000000000e+01 7.889699999999999818e+03
3.400000000000000000e+01 8.000000000000000000e+02
3.400000000000000000e+01 1.284600000000000136e+03
3.400000000000000000e+01 1.378200000000000045e+03
3.400000000000000000e+01 1.832100000000000136e+03
3.400000000000000000e+01 2.403300000000000182e+03
2.600000000000000000e+01 2.743250000000000000e+03
3.400000000000000000e+01 2.873750000000000000e+03
3.400000000000000000e+01 3.144599999999999909e+03
2.600000000000000000e+01 3.203849999999999909e+03
3.400000000000000000e+01 3.205849999999999909e+03
2.600000000000000000e+01 3.400200000000000273e+03
2.600000000000000000e+01 3.452000000000000000e+03
3.400000000000000000e+01 3.991000000000000000e+03
3.400000000000000000e+01 4.759699999999999818e+03
2.600000000000000000e+01 4.795449999999999818e+03
3.400000000000000000e+01 4.841699999999999818e+03
3.400000000000000000e+01 5.016300000000000182e+03
2.600000000000000000e+01 5.261949999999999818e+03
3.400000000000000000e+01 5.293500000000000000e+03
3.400000000000000000e+01 5.685150000000000546e+03
2.600000000000000000e+01 5.832199999999999818e+03
2.600000000000000000e+01 6.065050000000000182e+03
3.400000000000000000e+01 6.067850000000000364e+03
2.600000000000000000e+01 6.155949999999999818e+03
2.600000000000000000e+01 6.258650000000000546e+03
3.400000000000000000e+01 7.289150000000000546e+03
2.600000000000000000e+01 7.543699999999999818e+03
2.700000000000000000e+01 2.140000000000000213e+01
3.500000000000000000e+01 4.104499999999999886e+02
3.500000000000000000e+01 2.760500000000000000e+03
2.700000000000000000e+01 3.454300000000000182e+03
3.500000000000000000e+01 3.993099999999999909e+03
2.700000000000000000e+01 4.583600000000000364e+03
2.700000000000000000e+01 5.264699999999999818e+03
2.700000000000000000e+01 5.853750000000000000e+03
3.500000000000000000e+01 6.998350000000000364e+03
2.700000000000000000e+01 7.132250000000000000e+03
2.700000000000000000e+01 7.419400000000000546e+03
2.700000000000000000e+01 7.635449999999999818e+03
2.800000000000000000e+01 1.071500000000000000e+03
2.800000000000000000e+01 1.661150000000000091e+03
3.600000000000000000e+01 1.711500000000000000e+03
2.800000000000000000e+01 2.123900000000000091e+03
2.800000000000000000e+01 2.481849999999999909e+03
2.800000000000000000e+01 2.711400000000000091e+03
3.600000000000000000e+01 3.255650000000000091e+03
3.600000000000000000e+01 3.333900000000000091e+03
3.600000000000000000e+01 3.467750000000000000e+03
2.800000000000000000e+01 5.101300000000000182e+03
2.800000000000000000e+01 5.157800000000000182e+03
3.600000000000000000e+01 5.666250000000000000e+03
3.600000000000000000e+01 6.053449999999999818e+03
2.800000000000000000e+01 6.360650000000000546e+03
2.800000000000000000e+01 6.480750000000000000e+03
2.800000000000000000e+01 6.880949999999999818e+03
3.600000000000000000e+01 7.228949999999999818e+03
3.600000000000000000e+01 7.522699999999999818e+03
2.800000000000000000e+01 7.828800000000000182e+03
2.900000000000000000e+01 1.657350000000000136e+03
2.100000000000000000e+01 1.838799999999999955e+03
2.100000000000000000e+01 2.093099999999999909e+03
3.700000000000000000e+01 2.134449999999999818e+03
2.900000000000000000e+01 2.503000000000000000e+03
2.100000000000000000e+01 2.887550000000000182e+03
2.100000000000000000e+01 3.231800000000000182e+03
2.100000000000000000e+01 3.616700000000000273e+03
2.100000000000000000e+01 3.911800000000000182e+03
3.700000000000000000e+01 4.435949999999999818e+03
2.100000000000000000e+01 4.843000000000000000e+03
2.900000000000000000e+01 4.979750000000000000e+03
2.100000000000000000e+01 5.017850000000000364e+03
2.100000000000000000e+01 5.191100000000000364e+03
3.700000000000000000e+01 5.251050000000000182e+03
3.700000000000000000e+01 5.550350000000000364e+03
2.100000000000000000e+01 5.657550000000000182e+03
2.100000000000000000e+01 5.784650000000000546e+03
2.100000000000000000e+01 6.077600000000000364e+03
2.100000000000000000e+01 6.272949999999999818e+03
2.100000000000000000e+01 6.434900000000000546e+03
2.900000000000000000e+01 6.513650000000000546e+03
3.700000000000000000e+01 6.876850000000000364e+03
3.700000000000000000e+01 6.899900000000000546e+03
2.100000000000000000e+01 6.977000000000000000e+03
3.700000000000000000e+01 7.576050000000000182e+03
2.100000000000000000e+01 7.701699999999999818e+03
2.100000000000000000e+01 7.723800000000000182e+03
3.000000000000000000e+01 4.573500000000000227e+02
3.800000000000000000e+01 5.214500000000000455e+02
2.200000000000000000e+01 1.708350000000000136e+03
3.800000000000000000e+01 1.788450000000000045e+03
3.000000000000000000e+01 1.840299999999999955e+03
3.800000000000000000e+01 2.010450000000000045e+03
2.200000000000000000e+01 2.418050000000000182e+03
2.200000000000000000e+01 2.748599999999999909e+03
3.800000000000000000e+01 2.965450000000000273e+03
2.200000000000000000e+01 3.102300000000000182e+03
3.800000000000000000e+01 3.624500000000000000e+03
3.800000000000000000e+01 3.989450000000000273e+03
3.800000000000000000e+01 4.394449999999999818e+03
3.000000000000000000e+01 4.845199999999999818e+03
3.000000000000000000e+01 5.010100000000000364e+03
3.800000000000000000e+01 5.171449999999999818e+03
2.200000000000000000e+01 5.302300000000000182e+03
3.800000000000000000e+01 5.352199999999999818e+03
3.000000000000000000e+01 5.472199999999999818e+03
2.200000000000000000e+01 6.045500000000000000e+03
3.800000000000000000e+01 6.060750000000000000e+03
2.200000000000000000e+01 6.157600000000000364e+03
3.800000000000000000e+01 6.512100000000000364e+03
3.000000000000000000e+01 6.591199999999999818e+03
2.200000000000000000e+01 6.919900000000000546e+03
2.200000000000000000e+01 7.013100000000000364e+03
2.200000000000000000e+01 7.544400000000000546e+03
3.800000000000000000e+01 7.648050000000000182e+03
3.000000000000000000e+01 7.759900000000000546e+03
3.000000000000000000e+01 7.806449999999999818e+03
2.200000000000000000e+01 7.889300000000000182e+03
2.300000000000000000e+01 4.097500000000000000e+02
2.300000000000000000e+01 5.257999999999999545e+02
3.900000000000000000e+01 6.571499999999999773e+02
3.900000000000000000e+01 8.188500000000000227e+02
2.300000000000000000e+01 1.301750000000000000e+03
3.900000000000000000e+01 1.707500000000000000e+03
2.300000000000000000e+01 1.779850000000000136e+03
2.300000000000000000e+01 1.846000000000000000e+03
2.300000000000000000e+01 2.619750000000000000e+03
3.100000000000000000e+01 2.634750000000000000e+03
3.900000000000000000e+01 2.668450000000000273e+03
3.100000000000000000e+01 2.964300000000000182e+03
3.900000000000000000e+01 3.319099999999999909e+03
3.900000000000000000e+01 3.421400000000000091e+03
3.100000000000000000e+01 3.622500000000000000e+03
2.300000000000000000e+01 3.633300000000000182e+03
2.300000000000000000e+01 3.834250000000000000e+03
2.300000000000000000e+01 3.990550000000000182e+03
3.100000000000000000e+01 4.678550000000000182e+03
3.900000000000000000e+01 4.765000000000000000e+03
2.300000000000000000e+01 4.886400000000000546e+03
2.300000000000000000e+01 5.237050000000000182e+03
2.300000000000000000e+01 5.551150000000000546e+03
3.100000000000000000e+01 5.833900000000000546e+03
3.900000000000000000e+01 5.882900000000000546e+03
3.900000000000000000e+01 6.069050000000000182e+03
2.300000000000000000e+01 6.115250000000000000e+03
3.100000000000000000e+01 6.284300000000000182e+03
2.300000000000000000e+01 6.309400000000000546e+03
3.100000000000000000e+01 6.328900000000000546e+03
3.100000000000000000e+01 7.152150000000000546e+03
2.300000000000000000e+01 7.157000000000000000e+03
3.900000000000000000e+01 7.222300000000000182e+03
3.900000000000000000e+01 7.350000000000000000e+03
2.300000000000000000e+01 7.424900000000000546e+03
3.100000000000000000e+01 7.503900000000000546e+03
2.300000000000000000e+01 7.528949999999999818e+03
3.100000000000000000e+01 7.840500000000000000e+03
3.900000000000000000e+01 7.940350000000000364e+03
