1.600000000000000000e+01 1.790000000000000213e+01
8.000000000000000000e+00 1.830000000000000071e+01
1.600000000000000000e+01 2.025000000000000000e+01
8.000000000000000000e+00 2.144999999999999929e+01
1.600000000000000000e+01 2.250000000000000000e+01
8.000000000000000000e+00 9.343999999999999773e+02
8.000000000000000000e+00 1.017800000000000068e+03
8.000000000000000000e+00 1.553500000000000000e+03
8.000000000000000000e+00 1.744750000000000000e+03
1.600000000000000000e+01 1.776549999999999955e+03
8.000000000000000000e+00 3.002050000000000182e+03
1.600000000000000000e+01 3.004800000000000182e+03
8.000000000000000000e+00 3.009400000000000091e+03
1.600000000000000000e+01 3.012849999999999909e+03
8.000000000000000000e+00 3.017950000000000273e+03
1.600000000000000000e+01 3.021099999999999909e+03
8.000000000000000000e+00 3.026300000000000182e+03
1.600000000000000000e+01 3.030000000000000000e+03
8.000000000000000000e+00 3.035150000000000091e+03
1.600000000000000000e+01 3.041200000000000273e+03
8.000000000000000000e+00 3.044200000000000273e+03
1.600000000000000000e+01 3.461250000000000000e+03
8.000000000000000000e+00 3.470700000000000273e+03
8.000000000000000000e+00 4.452650000000000546e+03
1.600000000000000000e+01 4.464150000000000546e+03
8.000000000000000000e+00 5.416800000000000182e+03
8.000000000000000000e+00 7.254449999999999818e+03
1.600000000000000000e+01 7.959800000000000182e+03
1.700000000000000000e+01 1.810000000000000142e+01
1.000000000000000000e+00 1.819999999999999929e+01
9.000000000000000000e+00 1.819999999999999929e+01
1.700000000000000000e+01 2.050000000000000000e+01
9.000000000000000000e+00 2.069999999999999929e+01
1.000000000000000000e+00 2.094999999999999929e+01
9.000000000000000000e+00 2.422500000000000000e+02
9.000000000000000000e+00 5.931499999999999773e+02
1.700000000000000000e+01 6.327000000000000455e+02
1.000000000000000000e+00 7.818999999999999773e+02
1.000000000000000000e+00 8.658500000000000227e+02
9.000000000000000000e+00 1.127350000000000136e+03
1.000000000000000000e+00 2.143050000000000182e+03
9.000000000000000000e+00 2.172449999999999818e+03
1.700000000000000000e+01 2.319750000000000000e+03
9.000000000000000000e+00 2.334250000000000000e+03
1.000000000000000000e+00 3.004900000000000091e+03
9.000000000000000000e+00 3.005150000000000091e+03
1.700000000000000000e+01 3.005599999999999909e+03
1.000000000000000000e+00 3.013349999999999909e+03
9.000000000000000000e+00 3.013900000000000091e+03
1.700000000000000000e+01 3.014900000000000091e+03
1.000000000000000000e+00 3.021950000000000273e+03
9.000000000000000000e+00 3.022300000000000182e+03
1.700000000000000000e+01 3.024750000000000000e+03
1.000000000000000000e+00 3.030700000000000273e+03
9.000000000000000000e+00 3.031400000000000091e+03
1.700000000000000000e+01 3.034000000000000000e+03
1.000000000000000000e+00 3.040200000000000273e+03
9.000000000000000000e+00 3.040849999999999909e+03
1.700000000000000000e+01 3.043550000000000182e+03
1.000000000000000000e+00 3.050050000000000182e+03
1.000000000000000000e+00 3.450200000000000273e+03
1.700000000000000000e+01 3.463700000000000273e+03
9.000000000000000000e+00 3.465550000000000182e+03
1.000000000000000000e+00 3.479300000000000182e+03
1.700000000000000000e+01 5.186650000000000546e+03
1.700000000000000000e+01 6.155949999999999818e+03
9.000000000000000000e+00 6.456650000000000546e+03
1.700000000000000000e+01 7.267850000000000364e+03
1.000000000000000000e+00 7.565199999999999818e+03
1.800000000000000000e+01 1.810000000000000142e+01
2.000000000000000000e+00 1.825000000000000000e+01
1.000000000000000000e+01 1.825000000000000000e+01
1.800000000000000000e+01 2.050000000000000000e+01
2.000000000000000000e+00 2.125000000000000000e+01
1.000000000000000000e+01 2.130000000000000071e+01
1.000000000000000000e+01 2.618000000000000114e+02
1.800000000000000000e+01 2.731999999999999886e+02
1.800000000000000000e+01 6.519500000000000455e+02
2.000000000000000000e+00 7.591499999999999773e+02
1.800000000000000000e+01 8.388500000000000227e+02
2.000000000000000000e+00 9.763500000000000227e+02
1.000000000000000000e+01 9.937000000000000455e+02
1.800000000000000000e+01 9.950500000000000682e+02
1.800000000000000000e+01 1.438450000000000045e+03
2.000000000000000000e+00 2.202500000000000000e+03
1.800000000000000000e+01 2.204050000000000182e+03
1.800000000000000000e+01 2.720200000000000273e+03
1.800000000000000000e+01 3.004150000000000091e+03
2.000000000000000000e+00 3.005349999999999909e+03
1.000000000000000000e+01 3.006000000000000000e+03
1.800000000000000000e+01 3.013000000000000000e+03
2.000000000000000000e+00 3.014300000000000182e+03
1.000000000000000000e+01 3.014900000000000091e+03
1.800000000000000000e+01 3.021050000000000182e+03
2.000000000000000000e+00 3.023099999999999909e+03
1.000000000000000000e+01 3.025599999999999909e+03
1.800000000000000000e+01 3.029150000000000091e+03
2.000000000000000000e+00 3.032950000000000273e+03
1.000000000000000000e+01 3.034750000000000000e+03
1.800000000000000000e+01 3.038200000000000273e+03
2.000000000000000000e+00 3.042800000000000182e+03
1.000000000000000000e+01 3.043750000000000000e+03
1.800000000000000000e+01 3.048250000000000000e+03
2.000000000000000000e+00 3.140050000000000182e+03
1.800000000000000000e+01 3.170950000000000273e+03
1.800000000000000000e+01 3.306599999999999909e+03
1.800000000000000000e+01 3.438099999999999909e+03
2.000000000000000000e+00 3.443200000000000273e+03
1.800000000000000000e+01 3.468650000000000091e+03
2.000000000000000000e+00 3.471500000000000000e+03
1.000000000000000000e+01 3.472700000000000273e+03
2.000000000000000000e+00 3.756000000000000000e+03
1.800000000000000000e+01 3.989550000000000182e+03
1.800000000000000000e+01 4.157550000000000182e+03
1.000000000000000000e+01 4.422699999999999818e+03
1.800000000000000000e+01 4.481150000000000546e+03
1.800000000000000000e+01 4.645350000000000364e+03
1.800000000000000000e+01 4.752100000000000364e+03
1.800000000000000000e+01 6.839199999999999818e+03
1.800000000000000000e+01 7.258199999999999818e+03
1.000000000000000000e+01 7.449449999999999818e+03
1.100000000000000000e+01 1.780000000000000071e+01
1.900000000000000000e+01 1.810000000000000142e+01
3.000000000000000000e+00 1.825000000000000000e+01
1.100000000000000000e+01 2.015000000000000213e+01
1.900000000000000000e+01 2.050000000000000000e+01
3.000000000000000000e+00 2.140000000000000213e+01
1.100000000000000000e+01 2.235000000000000142e+01
1.900000000000000000e+01 2.018000000000000114e+02
1.100000000000000000e+01 2.433499999999999943e+02
1.100000000000000000e+01 5.890500000000000682e+02
1.900000000000000000e+01 8.115500000000000682e+02
1.100000000000000000e+01 1.183850000000000136e+03
1.100000000000000000e+01 2.169750000000000000e+03
3.000000000000000000e+00 2.451550000000000182e+03
1.100000000000000000e+01 3.003900000000000091e+03
1.900000000000000000e+01 3.005400000000000091e+03
3.000000000000000000e+00 3.006050000000000182e+03
1.100000000000000000e+01 3.010650000000000091e+03
1.900000000000000000e+01 3.014250000000000000e+03
3.000000000000000000e+00 3.015000000000000000e+03
1.100000000000000000e+01 3.018650000000000091e+03
1.900000000000000000e+01 3.022550000000000182e+03
3.000000000000000000e+00 3.025950000000000273e+03
1.100000000000000000e+01 3.027700000000000273e+03
1.900000000000000000e+01 3.031349999999999909e+03
3.000000000000000000e+00 3.035450000000000273e+03
1.100000000000000000e+01 3.037599999999999909e+03
1.900000000000000000e+01 3.041450000000000273e+03
3.000000000000000000e+00 3.045800000000000182e+03
1.100000000000000000e+01 3.047800000000000182e+03
1.900000000000000000e+01 3.071250000000000000e+03
1.100000000000000000e+01 3.401000000000000000e+03
1.900000000000000000e+01 3.466650000000000091e+03
3.000000000000000000e+00 3.467500000000000000e+03
1.100000000000000000e+01 3.472250000000000000e+03
1.100000000000000000e+01 4.026000000000000000e+03
3.000000000000000000e+00 4.784250000000000000e+03
3.000000000000000000e+00 4.894350000000000364e+03
3.000000000000000000e+00 5.651150000000000546e+03
1.900000000000000000e+01 5.870949999999999818e+03
1.900000000000000000e+01 6.297949999999999818e+03
3.000000000000000000e+00 6.374800000000000182e+03
1.900000000000000000e+01 7.040449999999999818e+03
3.000000000000000000e+00 7.468300000000000182e+03
4.000000000000000000e+00 1.790000000000000213e+01
2.000000000000000000e+01 1.805000000000000071e+01
1.200000000000000000e+01 1.815000000000000213e+01
4.000000000000000000e+00 2.025000000000000000e+01
2.000000000000000000e+01 2.040000000000000213e+01
1.200000000000000000e+01 2.069999999999999929e+01
4.000000000000000000e+00 2.244999999999999929e+01
2.000000000000000000e+01 2.269999999999999929e+01
4.000000000000000000e+00 5.938500000000000227e+02
4.000000000000000000e+00 7.762000000000000455e+02
4.000000000000000000e+00 8.573999999999999773e+02
2.000000000000000000e+01 9.626000000000000227e+02
4.000000000000000000e+00 1.362049999999999955e+03
4.000000000000000000e+00 2.171699999999999818e+03
1.200000000000000000e+01 2.301599999999999909e+03
2.000000000000000000e+01 2.314400000000000091e+03
4.000000000000000000e+00 2.683750000000000000e+03
4.000000000000000000e+00 3.003450000000000273e+03
2.000000000000000000e+01 3.004900000000000091e+03
1.200000000000000000e+01 3.005700000000000273e+03
4.000000000000000000e+00 3.012550000000000182e+03
2.000000000000000000e+01 3.013500000000000000e+03
1.200000000000000000e+01 3.014750000000000000e+03
4.000000000000000000e+00 3.020800000000000182e+03
2.000000000000000000e+01 3.022349999999999909e+03
1.200000000000000000e+01 3.023349999999999909e+03
4.000000000000000000e+00 3.028900000000000091e+03
1.200000000000000000e+01 3.032800000000000182e+03
2.000000000000000000e+01 3.033250000000000000e+03
4.000000000000000000e+00 3.038599999999999909e+03
1.200000000000000000e+01 3.042550000000000182e+03
2.000000000000000000e+01 3.043599999999999909e+03
4.000000000000000000e+00 3.049500000000000000e+03
1.200000000000000000e+01 3.320050000000000182e+03
2.000000000000000000e+01 3.442400000000000091e+03
4.000000000000000000e+00 3.446050000000000182e+03
1.200000000000000000e+01 3.448200000000000273e+03
2.000000000000000000e+01 3.468599999999999909e+03
1.200000000000000000e+01 3.470000000000000000e+03
4.000000000000000000e+00 3.477000000000000000e+03
2.000000000000000000e+01 4.472600000000000364e+03
1.200000000000000000e+01 7.047949999999999818e+03
1.200000000000000000e+01 7.599350000000000364e+03
5.000000000000000000e+00 1.805000000000000071e+01
1.300000000000000000e+01 1.805000000000000071e+01
5.000000000000000000e+00 2.040000000000000213e+01
1.300000000000000000e+01 2.044999999999999929e+01
5.000000000000000000e+00 2.269999999999999929e+01
5.000000000000000000e+00 2.092500000000000000e+02
1.300000000000000000e+01 9.973500000000000227e+02
5.000000000000000000e+00 1.514049999999999955e+03
1.300000000000000000e+01 1.724400000000000091e+03
5.000000000000000000e+00 2.023250000000000000e+03
5.000000000000000000e+00 2.327650000000000091e+03
5.000000000000000000e+00 2.744250000000000000e+03
5.000000000000000000e+00 3.005200000000000273e+03
1.300000000000000000e+01 3.006450000000000273e+03
5.000000000000000000e+00 3.014599999999999909e+03
1.300000000000000000e+01 3.015750000000000000e+03
1.300000000000000000e+01 3.025000000000000000e+03
5.000000000000000000e+00 3.025400000000000091e+03
1.300000000000000000e+01 3.032849999999999909e+03
5.000000000000000000e+00 3.034950000000000273e+03
1.300000000000000000e+01 3.042950000000000273e+03
5.000000000000000000e+00 3.045349999999999909e+03
5.000000000000000000e+00 3.296550000000000182e+03
1.300000000000000000e+01 3.313599999999999909e+03
1.300000000000000000e+01 3.447150000000000091e+03
5.000000000000000000e+00 3.462250000000000000e+03
1.300000000000000000e+01 3.467099999999999909e+03
1.300000000000000000e+01 3.777800000000000182e+03
5.000000000000000000e+00 4.545150000000000546e+03
1.300000000000000000e+01 5.680000000000000000e+03
1.300000000000000000e+01 5.865600000000000364e+03
1.300000000000000000e+01 6.209100000000000364e+03
1.300000000000000000e+01 6.653150000000000546e+03
1.300000000000000000e+01 7.433350000000000364e+03
6.000000000000000000e+00 1.780000000000000071e+01
1.400000000000000000e+01 1.805000000000000071e+01
6.000000000000000000e+00 2.015000000000000213e+01
1.400000000000000000e+01 2.040000000000000213e+01
6.000000000000000000e+00 2.235000000000000142e+01
1.400000000000000000e+01 2.265000000000000213e+01
1.400000000000000000e+01 7.670000000000000000e+02
6.000000000000000000e+00 7.931499999999999773e+02
1.400000000000000000e+01 1.016500000000000000e+03
1.400000000000000000e+01 1.360150000000000091e+03
1.400000000000000000e+01 1.504049999999999955e+03
6.000000000000000000e+00 1.718100000000000136e+03
1.400000000000000000e+01 3.001750000000000000e+03
6.000000000000000000e+00 3.004500000000000000e+03
1.400000000000000000e+01 3.011450000000000273e+03
6.000000000000000000e+00 3.014000000000000000e+03
1.400000000000000000e+01 3.018099999999999909e+03
6.000000000000000000e+00 3.023099999999999909e+03
1.400000000000000000e+01 3.026200000000000273e+03
6.000000000000000000e+00 3.032500000000000000e+03
1.400000000000000000e+01 3.034099999999999909e+03
6.000000000000000000e+00 3.042050000000000182e+03
1.400000000000000000e+01 3.042950000000000273e+03
1.400000000000000000e+01 3.275900000000000091e+03
1.400000000000000000e+01 3.464450000000000273e+03
6.000000000000000000e+00 4.602300000000000182e+03
1.400000000000000000e+01 4.602400000000000546e+03
1.400000000000000000e+01 4.772449999999999818e+03
1.400000000000000000e+01 5.325750000000000000e+03
1.400000000000000000e+01 5.497800000000000182e+03
1.400000000000000000e+01 6.490050000000000182e+03
6.000000000000000000e+00 6.815550000000000182e+03
6.000000000000000000e+00 7.966150000000000546e+03
7.000000000000000000e+00 1.785000000000000142e+01
1.500000000000000000e+01 1.794999999999999929e+01
7.000000000000000000e+00 2.019999999999999929e+01
1.500000000000000000e+01 2.030000000000000071e+01
7.000000000000000000e+00 2.240000000000000213e+01
1.500000000000000000e+01 2.250000000000000000e+01
1.500000000000000000e+01 8.584500000000000455e+02
1.500000000000000000e+01 1.466700000000000045e+03
7.000000000000000000e+00 1.500200000000000045e+03
1.500000000000000000e+01 1.911200000000000045e+03
1.500000000000000000e+01 2.012450000000000045e+03
7.000000000000000000e+00 3.003099999999999909e+03
1.500000000000000000e+01 3.004650000000000091e+03
7.000000000000000000e+00 3.012000000000000000e+03
1.500000000000000000e+01 3.014200000000000273e+03
7.000000000000000000e+00 3.020099999999999909e+03
1.500000000000000000e+01 3.022200000000000273e+03
7.000000000000000000e+00 3.028150000000000091e+03
1.500000000000000000e+01 3.032349999999999909e+03
7.000000000000000000e+00 3.037650000000000091e+03
1.500000000000000000e+01 3.041849999999999909e+03
7.000000000000000000e+00 3.047700000000000273e+03
1.500000000000000000e+01 3.062650000000000091e+03
1.500000000000000000e+01 3.141050000000000182e+03
7.000000000000000000e+00 3.292550000000000182e+03
7.000000000000000000e+00 3.448849999999999909e+03
1.500000000000000000e+01 3.452000000000000000e+03
1.500000000000000000e+01 3.475450000000000273e+03
7.000000000000000000e+00 3.479400000000000091e+03
1.500000000000000000e+01 4.387350000000000364e+03
7.000000000000000000e+00 4.574650000000000546e+03
1.500000000000000000e+01 5.570800000000000182e+03
1.500000000000000000e+01 5.675250000000000000e+03
7.000000000000000000e+00 7.049350000000000364e+03
