3.200000000000000000e+01 1.369500000000000000e+03
4.000000000000000000e+01 1.851950000000000045e+03
3.200000000000000000e+01 2.916099999999999909e+03
3.200000000000000000e+01 2.976300000000000182e+03
4.000000000000000000e+01 2.978050000000000182e+03
2.400000000000000000e+01 3.410050000000000182e+03
2.400000000000000000e+01 3.573200000000000273e+03
2.400000000000000000e+01 4.258850000000000364e+03
4.000000000000000000e+01 4.376000000000000000e+03
3.200000000000000000e+01 4.380650000000000546e+03
4.000000000000000000e+01 4.723250000000000000e+03
2.400000000000000000e+01 4.818350000000000364e+03
4.000000000000000000e+01 4.853199999999999818e+03
4.000000000000000000e+01 4.963050000000000182e+03
3.200000000000000000e+01 5.193750000000000000e+03
3.200000000000000000e+01 5.295750000000000000e+03
4.000000000000000000e+01 5.729750000000000000e+03
2.400000000000000000e+01 5.739750000000000000e+03
4.000000000000000000e+01 5.794699999999999818e+03
2.400000000000000000e+01 6.390350000000000364e+03
4.000000000000000000e+01 6.464400000000000546e+03
3.200000000000000000e+01 6.624050000000000182e+03
4.000000000000000000e+01 6.851500000000000000e+03
3.200000000000000000e+01 6.878650000000000546e+03
2.400000000000000000e+01 6.947800000000000182e+03
2.400000000000000000e+01 7.128050000000000182e+03
3.200000000000000000e+01 7.192300000000000182e+03
2.400000000000000000e+01 7.204650000000000546e+03
2.400000000000000000e+01 7.424300000000000182e+03
4.000000000000000000e+01 7.832699999999999818e+03
3.300000000000000000e+01 6.983000000000000682e+02
3.300000000000000000e+01 1.485549999999999955e+03
3.300000000000000000e+01 1.718299999999999955e+03
3.300000000000000000e+01 2.073099999999999909e+03
2.500000000000000000e+01 2.186150000000000091e+03
3.300000000000000000e+01 2.217450000000000273e+03
3.300000000000000000e+01 4.669300000000000182e+03
3.300000000000000000e+01 5.068150000000000546e+03
2.500000000000000000e+01 5.464150000000000546e+03
2.500000000000000000e+01 5.686850000000000364e+03
3.300000000000000000e+01 5.738650000000000546e+03
3.300000000000000000e+01 5.776800000000000182e+03
2.500000000000000000e+01 5.791449999999999818e+03
2.500000000000000000e+01 5.828449999999999818e+03
2.500000000000000000e+01 6.053550000000000182e+03
3.300000000000000000e+01 6.715400000000000546e+03
3.300000000000000000e+01 6.873500000000000000e+03
2.500000000000000000e+01 6.876750000000000000e+03
2.500000000000000000e+01 6.910750000000000000e+03
3.300000000000000000e+01 7.043550000000000182e+03
3.300000000000000000e+01 7.562750000000000000e+03
3.300000000000000000e+01 7.773500000000000000e+03
3.300000000000000000e+01 7.873350000000000364e+03
2.600000000000000000e+01 2.278499999999999943e+02
3.400000000000000000e+01 1.636500000000000000e+03
3.400000000000000000e+01 3.989650000000000091e+03
3.400000000000000000e+01 4.346149999999999636e+03
3.400000000000000000e+01 4.445550000000000182e+03
2.600000000000000000e+01 4.751449999999999818e+03
3.400000000000000000e+01 4.752949999999999818e+03
3.400000000000000000e+01 4.958449999999999818e+03
2.600000000000000000e+01 5.819750000000000000e+03
3.400000000000000000e+01 6.125900000000000546e+03
3.400000000000000000e+01 6.187050000000000182e+03
2.600000000000000000e+01 6.636850000000000364e+03
3.400000000000000000e+01 6.877449999999999818e+03
2.600000000000000000e+01 7.186500000000000000e+03
3.400000000000000000e+01 7.291750000000000000e+03
3.400000000000000000e+01 7.466449999999999818e+03
3.400000000000000000e+01 7.681800000000000182e+03
3.400000000000000000e+01 7.785900000000000546e+03
2.600000000000000000e+01 7.853000000000000000e+03
2.700000000000000000e+01 1.432500000000000000e+03
2.700000000000000000e+01 1.787299999999999955e+03
3.500000000000000000e+01 2.567700000000000273e+03
2.700000000000000000e+01 2.879900000000000091e+03
3.500000000000000000e+01 3.280000000000000000e+03
3.500000000000000000e+01 3.589050000000000182e+03
2.700000000000000000e+01 3.687650000000000091e+03
3.500000000000000000e+01 4.383600000000000364e+03
3.500000000000000000e+01 4.595550000000000182e+03
3.500000000000000000e+01 4.737600000000000364e+03
2.700000000000000000e+01 4.791500000000000000e+03
3.500000000000000000e+01 5.010199999999999818e+03
3.500000000000000000e+01 5.701000000000000000e+03
3.500000000000000000e+01 5.797850000000000364e+03
2.700000000000000000e+01 6.612699999999999818e+03
3.500000000000000000e+01 6.741150000000000546e+03
2.700000000000000000e+01 6.768699999999999818e+03
3.500000000000000000e+01 6.882699999999999818e+03
2.700000000000000000e+01 7.033449999999999818e+03
3.500000000000000000e+01 7.211000000000000000e+03
3.500000000000000000e+01 7.320300000000000182e+03
2.700000000000000000e+01 7.357699999999999818e+03
2.700000000000000000e+01 7.954900000000000546e+03
2.800000000000000000e+01 5.955500000000000682e+02
2.800000000000000000e+01 1.786000000000000000e+03
3.600000000000000000e+01 2.332700000000000273e+03
2.800000000000000000e+01 3.422000000000000000e+03
3.600000000000000000e+01 3.590500000000000000e+03
2.800000000000000000e+01 3.596849999999999909e+03
3.600000000000000000e+01 4.470350000000000364e+03
3.600000000000000000e+01 4.594449999999999818e+03
2.800000000000000000e+01 4.729850000000000364e+03
3.600000000000000000e+01 5.429550000000000182e+03
3.600000000000000000e+01 5.688600000000000364e+03
2.800000000000000000e+01 5.939350000000000364e+03
2.800000000000000000e+01 6.151800000000000182e+03
2.800000000000000000e+01 6.265350000000000364e+03
3.600000000000000000e+01 6.336850000000000364e+03
2.800000000000000000e+01 6.387199999999999818e+03
2.800000000000000000e+01 6.653800000000000182e+03
3.600000000000000000e+01 6.901650000000000546e+03
2.800000000000000000e+01 7.220500000000000000e+03
2.800000000000000000e+01 7.264699999999999818e+03
3.600000000000000000e+01 7.351199999999999818e+03
2.800000000000000000e+01 7.717100000000000364e+03
2.800000000000000000e+01 7.991150000000000546e+03
2.100000000000000000e+01 8.491000000000000227e+02
2.100000000000000000e+01 1.488900000000000091e+03
3.700000000000000000e+01 1.736150000000000091e+03
2.900000000000000000e+01 1.848500000000000000e+03
2.100000000000000000e+01 2.877300000000000182e+03
2.100000000000000000e+01 3.558400000000000091e+03
3.700000000000000000e+01 3.823800000000000182e+03
2.100000000000000000e+01 4.291000000000000000e+03
2.100000000000000000e+01 4.483750000000000000e+03
3.700000000000000000e+01 4.599449999999999818e+03
2.100000000000000000e+01 4.600000000000000000e+03
2.100000000000000000e+01 4.711100000000000364e+03
2.900000000000000000e+01 4.715850000000000364e+03
2.900000000000000000e+01 4.820000000000000000e+03
3.700000000000000000e+01 5.208250000000000000e+03
2.100000000000000000e+01 5.285600000000000364e+03
3.700000000000000000e+01 5.328750000000000000e+03
2.900000000000000000e+01 5.403449999999999818e+03
3.700000000000000000e+01 5.547750000000000000e+03
2.100000000000000000e+01 5.663699999999999818e+03
2.900000000000000000e+01 5.772300000000000182e+03
2.900000000000000000e+01 5.816750000000000000e+03
2.900000000000000000e+01 6.151449999999999818e+03
2.100000000000000000e+01 6.499250000000000000e+03
2.100000000000000000e+01 7.030150000000000546e+03
2.900000000000000000e+01 7.444300000000000182e+03
2.100000000000000000e+01 7.574300000000000182e+03
3.700000000000000000e+01 7.680900000000000546e+03
3.700000000000000000e+01 7.701150000000000546e+03
2.200000000000000000e+01 2.449500000000000171e+02
3.000000000000000000e+01 1.095799999999999955e+03
3.800000000000000000e+01 1.481200000000000045e+03
3.800000000000000000e+01 1.745350000000000136e+03
3.000000000000000000e+01 1.794450000000000045e+03
3.800000000000000000e+01 2.200050000000000182e+03
3.000000000000000000e+01 2.969450000000000273e+03
3.000000000000000000e+01 3.170599999999999909e+03
3.800000000000000000e+01 3.315050000000000182e+03
3.000000000000000000e+01 3.594050000000000182e+03
3.800000000000000000e+01 3.843750000000000000e+03
3.800000000000000000e+01 4.709400000000000546e+03
3.000000000000000000e+01 4.798500000000000000e+03
2.200000000000000000e+01 5.027300000000000182e+03
3.800000000000000000e+01 5.156650000000000546e+03
2.200000000000000000e+01 5.584050000000000182e+03
3.000000000000000000e+01 5.670550000000000182e+03
3.000000000000000000e+01 5.816050000000000182e+03
3.800000000000000000e+01 6.051600000000000364e+03
2.200000000000000000e+01 6.130900000000000546e+03
2.200000000000000000e+01 6.351900000000000546e+03
3.800000000000000000e+01 6.374650000000000546e+03
2.200000000000000000e+01 6.595050000000000182e+03
2.200000000000000000e+01 6.662050000000000182e+03
3.000000000000000000e+01 6.787000000000000000e+03
2.200000000000000000e+01 6.897900000000000546e+03
2.200000000000000000e+01 6.961550000000000182e+03
3.800000000000000000e+01 6.995500000000000000e+03
3.000000000000000000e+01 7.036800000000000182e+03
3.800000000000000000e+01 7.142750000000000000e+03
3.000000000000000000e+01 7.225500000000000000e+03
2.200000000000000000e+01 7.433350000000000364e+03
3.800000000000000000e+01 7.510800000000000182e+03
3.800000000000000000e+01 7.605949999999999818e+03
3.800000000000000000e+01 7.642100000000000364e+03
2.200000000000000000e+01 7.799800000000000182e+03
3.800000000000000000e+01 7.954850000000000364e+03
3.900000000000000000e+01 6.940000000000000568e+01
3.100000000000000000e+01 1.137650000000000091e+03
2.300000000000000000e+01 2.064150000000000091e+03
3.100000000000000000e+01 2.473099999999999909e+03
3.900000000000000000e+01 2.670300000000000182e+03
2.300000000000000000e+01 2.876400000000000091e+03
2.300000000000000000e+01 2.991750000000000000e+03
3.900000000000000000e+01 3.261550000000000182e+03
2.300000000000000000e+01 3.420800000000000182e+03
3.100000000000000000e+01 3.699300000000000182e+03
3.900000000000000000e+01 4.274000000000000000e+03
2.300000000000000000e+01 4.551750000000000000e+03
2.300000000000000000e+01 5.106250000000000000e+03
2.300000000000000000e+01 5.214500000000000000e+03
2.300000000000000000e+01 5.410800000000000182e+03
3.100000000000000000e+01 6.135550000000000182e+03
3.100000000000000000e+01 6.379550000000000182e+03
3.100000000000000000e+01 6.665800000000000182e+03
2.300000000000000000e+01 7.355650000000000546e+03
3.900000000000000000e+01 7.361900000000000546e+03
3.900000000000000000e+01 7.662600000000000364e+03
2.300000000000000000e+01 7.782350000000000364e+03
