5.600000000000000000e+01 1.140100000000000136e+03
5.600000000000000000e+01 2.163400000000000091e+03
4.800000000000000000e+01 3.300750000000000000e+03
5.600000000000000000e+01 3.376700000000000273e+03
4.800000000000000000e+01 3.539349999999999909e+03
5.600000000000000000e+01 3.621200000000000273e+03
5.600000000000000000e+01 3.771300000000000182e+03
5.600000000000000000e+01 4.194050000000000182e+03
4.800000000000000000e+01 4.340300000000000182e+03
5.600000000000000000e+01 4.487400000000000546e+03
4.800000000000000000e+01 4.615699999999999818e+03
5.600000000000000000e+01 4.815150000000000546e+03
5.600000000000000000e+01 4.870600000000000364e+03
4.800000000000000000e+01 5.050100000000000364e+03
5.600000000000000000e+01 5.541250000000000000e+03
5.600000000000000000e+01 5.635150000000000546e+03
4.800000000000000000e+01 5.686199999999999818e+03
5.600000000000000000e+01 5.734100000000000364e+03
4.800000000000000000e+01 5.871699999999999818e+03
4.800000000000000000e+01 6.098800000000000182e+03
4.800000000000000000e+01 6.129449999999999818e+03
4.800000000000000000e+01 7.154150000000000546e+03
4.800000000000000000e+01 7.307050000000000182e+03
5.600000000000000000e+01 7.680199999999999818e+03
5.600000000000000000e+01 7.723199999999999818e+03
4.900000000000000000e+01 6.158500000000000227e+02
4.100000000000000000e+01 8.183500000000000227e+02
5.700000000000000000e+01 1.193400000000000091e+03
4.900000000000000000e+01 1.207650000000000091e+03
4.100000000000000000e+01 1.793100000000000136e+03
5.700000000000000000e+01 2.125349999999999909e+03
4.900000000000000000e+01 2.135250000000000000e+03
4.100000000000000000e+01 2.386599999999999909e+03
5.700000000000000000e+01 3.131200000000000273e+03
4.100000000000000000e+01 3.281200000000000273e+03
4.100000000000000000e+01 4.284050000000000182e+03
5.700000000000000000e+01 4.307850000000000364e+03
4.900000000000000000e+01 4.513949999999999818e+03
4.100000000000000000e+01 4.631000000000000000e+03
4.900000000000000000e+01 5.042900000000000546e+03
4.100000000000000000e+01 5.075650000000000546e+03
5.700000000000000000e+01 5.521850000000000364e+03
5.700000000000000000e+01 5.642400000000000546e+03
4.100000000000000000e+01 5.671350000000000364e+03
5.700000000000000000e+01 5.807949999999999818e+03
4.100000000000000000e+01 5.968000000000000000e+03
5.700000000000000000e+01 6.088400000000000546e+03
4.100000000000000000e+01 6.435850000000000364e+03
4.900000000000000000e+01 6.689550000000000182e+03
4.100000000000000000e+01 6.815449999999999818e+03
4.900000000000000000e+01 6.865600000000000364e+03
4.900000000000000000e+01 7.065900000000000546e+03
4.900000000000000000e+01 7.494400000000000546e+03
5.700000000000000000e+01 7.530400000000000546e+03
4.900000000000000000e+01 7.786350000000000364e+03
4.900000000000000000e+01 7.823150000000000546e+03
5.000000000000000000e+01 7.417500000000000000e+02
5.800000000000000000e+01 1.219750000000000000e+03
5.800000000000000000e+01 1.678900000000000091e+03
5.800000000000000000e+01 1.945450000000000045e+03
5.000000000000000000e+01 2.380000000000000000e+03
5.800000000000000000e+01 3.105900000000000091e+03
5.000000000000000000e+01 3.276599999999999909e+03
5.800000000000000000e+01 3.417900000000000091e+03
5.800000000000000000e+01 3.705650000000000091e+03
5.000000000000000000e+01 3.719349999999999909e+03
5.800000000000000000e+01 3.850500000000000000e+03
5.800000000000000000e+01 4.173000000000000000e+03
5.800000000000000000e+01 4.315149999999999636e+03
4.200000000000000000e+01 5.359199999999999818e+03
5.000000000000000000e+01 5.387650000000000546e+03
4.200000000000000000e+01 5.455100000000000364e+03
4.200000000000000000e+01 5.537250000000000000e+03
5.000000000000000000e+01 5.623800000000000182e+03
4.200000000000000000e+01 5.664550000000000182e+03
5.800000000000000000e+01 6.741500000000000000e+03
4.200000000000000000e+01 6.829300000000000182e+03
5.000000000000000000e+01 6.915750000000000000e+03
5.800000000000000000e+01 6.949650000000000546e+03
4.200000000000000000e+01 7.239850000000000364e+03
5.800000000000000000e+01 7.929750000000000000e+03
5.100000000000000000e+01 9.156499999999999773e+02
4.300000000000000000e+01 1.531049999999999955e+03
4.300000000000000000e+01 1.817150000000000091e+03
5.900000000000000000e+01 1.992600000000000136e+03
4.300000000000000000e+01 2.348250000000000000e+03
5.100000000000000000e+01 2.382700000000000273e+03
5.900000000000000000e+01 2.860349999999999909e+03
4.300000000000000000e+01 3.071550000000000182e+03
5.900000000000000000e+01 3.107700000000000273e+03
4.300000000000000000e+01 3.604550000000000182e+03
4.300000000000000000e+01 3.674900000000000091e+03
5.100000000000000000e+01 3.720250000000000000e+03
5.900000000000000000e+01 3.811800000000000182e+03
5.100000000000000000e+01 3.816000000000000000e+03
5.100000000000000000e+01 4.122000000000000000e+03
4.300000000000000000e+01 4.162750000000000000e+03
5.900000000000000000e+01 4.174949999999999818e+03
5.900000000000000000e+01 4.291850000000000364e+03
5.900000000000000000e+01 5.303449999999999818e+03
5.900000000000000000e+01 5.379850000000000364e+03
4.300000000000000000e+01 5.586050000000000182e+03
4.300000000000000000e+01 5.676600000000000364e+03
4.300000000000000000e+01 6.010500000000000000e+03
5.900000000000000000e+01 6.043199999999999818e+03
5.100000000000000000e+01 6.223400000000000546e+03
5.900000000000000000e+01 6.244500000000000000e+03
5.100000000000000000e+01 6.455600000000000364e+03
4.300000000000000000e+01 6.572750000000000000e+03
5.900000000000000000e+01 6.759199999999999818e+03
5.900000000000000000e+01 6.804850000000000364e+03
5.100000000000000000e+01 6.950650000000000546e+03
5.100000000000000000e+01 7.007150000000000546e+03
5.900000000000000000e+01 7.138900000000000546e+03
4.300000000000000000e+01 7.287800000000000182e+03
4.300000000000000000e+01 7.372699999999999818e+03
5.100000000000000000e+01 7.440449999999999818e+03
5.900000000000000000e+01 7.525600000000000364e+03
6.000000000000000000e+01 5.898999999999999773e+02
5.200000000000000000e+01 6.409500000000000455e+02
6.000000000000000000e+01 9.162500000000000000e+02
6.000000000000000000e+01 9.598999999999999773e+02
5.200000000000000000e+01 2.569849999999999909e+03
5.200000000000000000e+01 3.144349999999999909e+03
4.400000000000000000e+01 3.405400000000000091e+03
6.000000000000000000e+01 3.804200000000000273e+03
5.200000000000000000e+01 3.909200000000000273e+03
6.000000000000000000e+01 4.174550000000000182e+03
6.000000000000000000e+01 4.216100000000000364e+03
4.400000000000000000e+01 5.091350000000000364e+03
6.000000000000000000e+01 5.355400000000000546e+03
4.400000000000000000e+01 5.604199999999999818e+03
6.000000000000000000e+01 5.636199999999999818e+03
4.400000000000000000e+01 5.695449999999999818e+03
6.000000000000000000e+01 6.100300000000000182e+03
5.200000000000000000e+01 6.538500000000000000e+03
5.200000000000000000e+01 6.789050000000000182e+03
6.000000000000000000e+01 6.819949999999999818e+03
4.400000000000000000e+01 6.918500000000000000e+03
6.000000000000000000e+01 7.221150000000000546e+03
6.000000000000000000e+01 7.917100000000000364e+03
5.300000000000000000e+01 2.043499999999999943e+02
5.300000000000000000e+01 1.441650000000000091e+03
5.300000000000000000e+01 1.668200000000000045e+03
5.300000000000000000e+01 1.807750000000000000e+03
5.300000000000000000e+01 2.912400000000000091e+03
4.500000000000000000e+01 3.071099999999999909e+03
4.500000000000000000e+01 3.129750000000000000e+03
5.300000000000000000e+01 3.395050000000000182e+03
4.500000000000000000e+01 3.861450000000000273e+03
4.500000000000000000e+01 4.834750000000000000e+03
5.300000000000000000e+01 4.868949999999999818e+03
4.500000000000000000e+01 5.313550000000000182e+03
5.300000000000000000e+01 5.460650000000000546e+03
5.300000000000000000e+01 5.572199999999999818e+03
4.500000000000000000e+01 5.682600000000000364e+03
5.300000000000000000e+01 5.836650000000000546e+03
4.500000000000000000e+01 6.211300000000000182e+03
5.300000000000000000e+01 6.931650000000000546e+03
5.300000000000000000e+01 7.263949999999999818e+03
4.500000000000000000e+01 7.637900000000000546e+03
5.300000000000000000e+01 7.883900000000000546e+03
4.500000000000000000e+01 7.992050000000000182e+03
5.400000000000000000e+01 2.922500000000000000e+02
5.400000000000000000e+01 1.572299999999999955e+03
5.400000000000000000e+01 1.931750000000000000e+03
4.600000000000000000e+01 1.942200000000000045e+03
4.600000000000000000e+01 2.124750000000000000e+03
5.400000000000000000e+01 2.153599999999999909e+03
5.400000000000000000e+01 3.298450000000000273e+03
4.600000000000000000e+01 3.727750000000000000e+03
4.600000000000000000e+01 4.222300000000000182e+03
4.600000000000000000e+01 5.036199999999999818e+03
4.600000000000000000e+01 5.082699999999999818e+03
5.400000000000000000e+01 5.150850000000000364e+03
5.400000000000000000e+01 5.460300000000000182e+03
4.600000000000000000e+01 5.542650000000000546e+03
4.600000000000000000e+01 6.195850000000000364e+03
4.600000000000000000e+01 6.229000000000000000e+03
5.400000000000000000e+01 6.353000000000000000e+03
5.400000000000000000e+01 6.552449999999999818e+03
4.600000000000000000e+01 6.555000000000000000e+03
5.400000000000000000e+01 6.834400000000000546e+03
5.400000000000000000e+01 7.305600000000000364e+03
5.400000000000000000e+01 7.968650000000000546e+03
5.500000000000000000e+01 4.919499999999999886e+02
5.500000000000000000e+01 1.799000000000000000e+03
5.500000000000000000e+01 2.312700000000000273e+03
4.700000000000000000e+01 2.367700000000000273e+03
4.700000000000000000e+01 4.843750000000000000e+03
5.500000000000000000e+01 4.863000000000000000e+03
5.500000000000000000e+01 5.082000000000000000e+03
4.700000000000000000e+01 5.368449999999999818e+03
4.700000000000000000e+01 5.505900000000000546e+03
4.700000000000000000e+01 5.720800000000000182e+03
4.700000000000000000e+01 5.858699999999999818e+03
4.700000000000000000e+01 5.891300000000000182e+03
4.700000000000000000e+01 6.142850000000000364e+03
5.500000000000000000e+01 6.603949999999999818e+03
4.700000000000000000e+01 6.663500000000000000e+03
4.700000000000000000e+01 6.828550000000000182e+03
4.700000000000000000e+01 7.641300000000000182e+03
5.500000000000000000e+01 7.753650000000000546e+03
