2.400000000000000000e+01 2.555999999999999943e+02
4.000000000000000000e+01 9.518000000000000682e+02
3.200000000000000000e+01 1.650950000000000045e+03
2.400000000000000000e+01 2.113699999999999818e+03
2.400000000000000000e+01 2.288300000000000182e+03
3.200000000000000000e+01 2.380200000000000273e+03
2.400000000000000000e+01 2.517099999999999909e+03
2.400000000000000000e+01 2.635450000000000273e+03
4.000000000000000000e+01 2.789849999999999909e+03
2.400000000000000000e+01 3.355849999999999909e+03
2.400000000000000000e+01 3.547550000000000182e+03
4.000000000000000000e+01 3.578000000000000000e+03
4.000000000000000000e+01 3.943800000000000182e+03
2.400000000000000000e+01 4.001500000000000000e+03
4.000000000000000000e+01 4.067599999999999909e+03
4.000000000000000000e+01 4.497900000000000546e+03
3.200000000000000000e+01 4.797949999999999818e+03
3.200000000000000000e+01 4.881800000000000182e+03
3.200000000000000000e+01 4.921250000000000000e+03
4.000000000000000000e+01 5.106800000000000182e+03
2.400000000000000000e+01 5.768199999999999818e+03
4.000000000000000000e+01 6.021300000000000182e+03
2.400000000000000000e+01 6.193350000000000364e+03
4.000000000000000000e+01 6.340150000000000546e+03
2.400000000000000000e+01 6.496650000000000546e+03
4.000000000000000000e+01 7.126800000000000182e+03
2.400000000000000000e+01 7.200949999999999818e+03
4.000000000000000000e+01 7.441400000000000546e+03
4.000000000000000000e+01 7.796850000000000364e+03
3.200000000000000000e+01 7.997800000000000182e+03
2.500000000000000000e+01 6.668500000000000227e+02
3.300000000000000000e+01 1.498250000000000000e+03
2.500000000000000000e+01 1.719000000000000000e+03
2.500000000000000000e+01 1.838500000000000000e+03
3.300000000000000000e+01 2.180199999999999818e+03
2.500000000000000000e+01 2.488400000000000091e+03
2.500000000000000000e+01 2.879099999999999909e+03
2.500000000000000000e+01 3.382250000000000000e+03
3.300000000000000000e+01 3.420800000000000182e+03
2.500000000000000000e+01 3.583849999999999909e+03
3.300000000000000000e+01 3.837550000000000182e+03
2.500000000000000000e+01 4.332800000000000182e+03
3.300000000000000000e+01 4.578150000000000546e+03
3.300000000000000000e+01 4.796449999999999818e+03
2.500000000000000000e+01 4.955150000000000546e+03
3.300000000000000000e+01 5.003449999999999818e+03
2.500000000000000000e+01 5.020199999999999818e+03
3.300000000000000000e+01 6.572949999999999818e+03
3.300000000000000000e+01 7.074250000000000000e+03
3.300000000000000000e+01 7.135699999999999818e+03
3.400000000000000000e+01 8.000000000000000000e+02
3.400000000000000000e+01 1.284600000000000136e+03
3.400000000000000000e+01 1.378200000000000045e+03
3.400000000000000000e+01 1.832100000000000136e+03
3.400000000000000000e+01 2.403300000000000182e+03
2.600000000000000000e+01 2.743250000000000000e+03
3.400000000000000000e+01 2.873750000000000000e+03
2.600000000000000000e+01 3.449599999999999909e+03
2.600000000000000000e+01 3.553750000000000000e+03
3.400000000000000000e+01 3.992849999999999909e+03
2.600000000000000000e+01 4.502400000000000546e+03
2.600000000000000000e+01 5.777150000000000546e+03
3.400000000000000000e+01 6.180449999999999818e+03
3.400000000000000000e+01 7.007750000000000000e+03
2.600000000000000000e+01 7.115100000000000364e+03
2.600000000000000000e+01 7.174600000000000364e+03
3.400000000000000000e+01 7.483199999999999818e+03
3.400000000000000000e+01 7.812500000000000000e+03
2.600000000000000000e+01 7.852900000000000546e+03
3.400000000000000000e+01 7.974199999999999818e+03
2.700000000000000000e+01 2.140000000000000213e+01
3.500000000000000000e+01 4.104499999999999886e+02
3.500000000000000000e+01 2.760500000000000000e+03
3.500000000000000000e+01 3.353500000000000000e+03
2.700000000000000000e+01 3.927050000000000182e+03
3.500000000000000000e+01 3.999700000000000273e+03
2.700000000000000000e+01 4.048099999999999909e+03
2.700000000000000000e+01 4.504050000000000182e+03
2.700000000000000000e+01 6.275600000000000364e+03
3.500000000000000000e+01 6.621150000000000546e+03
2.700000000000000000e+01 6.770250000000000000e+03
2.700000000000000000e+01 7.049350000000000364e+03
3.500000000000000000e+01 7.521800000000000182e+03
2.700000000000000000e+01 7.856699999999999818e+03
2.800000000000000000e+01 1.071500000000000000e+03
2.800000000000000000e+01 1.661150000000000091e+03
3.600000000000000000e+01 1.711500000000000000e+03
2.800000000000000000e+01 2.123900000000000091e+03
2.800000000000000000e+01 2.481849999999999909e+03
2.800000000000000000e+01 2.711400000000000091e+03
2.800000000000000000e+01 3.346050000000000182e+03
2.800000000000000000e+01 3.408150000000000091e+03
2.800000000000000000e+01 3.489800000000000182e+03
2.800000000000000000e+01 3.510750000000000000e+03
3.600000000000000000e+01 4.302250000000000000e+03
3.600000000000000000e+01 4.468750000000000000e+03
2.800000000000000000e+01 4.729850000000000364e+03
3.600000000000000000e+01 4.984850000000000364e+03
3.600000000000000000e+01 5.349100000000000364e+03
2.800000000000000000e+01 5.457500000000000000e+03
3.600000000000000000e+01 5.549199999999999818e+03
2.800000000000000000e+01 6.365300000000000182e+03
2.800000000000000000e+01 6.835300000000000182e+03
2.800000000000000000e+01 7.178250000000000000e+03
2.800000000000000000e+01 7.372750000000000000e+03
2.800000000000000000e+01 7.521550000000000182e+03
2.800000000000000000e+01 7.775400000000000546e+03
2.800000000000000000e+01 7.844900000000000546e+03
2.900000000000000000e+01 1.657350000000000136e+03
2.100000000000000000e+01 1.838799999999999955e+03
2.100000000000000000e+01 2.093099999999999909e+03
3.700000000000000000e+01 2.134449999999999818e+03
2.900000000000000000e+01 2.503000000000000000e+03
2.100000000000000000e+01 2.887550000000000182e+03
2.900000000000000000e+01 3.342200000000000273e+03
3.700000000000000000e+01 3.359900000000000091e+03
2.100000000000000000e+01 3.432800000000000182e+03
3.700000000000000000e+01 3.445599999999999909e+03
3.700000000000000000e+01 3.571050000000000182e+03
2.100000000000000000e+01 4.001599999999999909e+03
3.700000000000000000e+01 4.005050000000000182e+03
2.900000000000000000e+01 4.009200000000000273e+03
3.700000000000000000e+01 4.091650000000000091e+03
2.900000000000000000e+01 4.098800000000000182e+03
2.100000000000000000e+01 4.291949999999999818e+03
2.900000000000000000e+01 4.538650000000000546e+03
3.700000000000000000e+01 4.599150000000000546e+03
2.900000000000000000e+01 4.747300000000000182e+03
2.900000000000000000e+01 5.002050000000000182e+03
2.900000000000000000e+01 5.044600000000000364e+03
3.700000000000000000e+01 5.346949999999999818e+03
2.100000000000000000e+01 5.447050000000000182e+03
2.100000000000000000e+01 5.474150000000000546e+03
3.700000000000000000e+01 5.558800000000000182e+03
2.900000000000000000e+01 5.562000000000000000e+03
3.700000000000000000e+01 5.822350000000000364e+03
2.900000000000000000e+01 5.827350000000000364e+03
2.100000000000000000e+01 5.872250000000000000e+03
2.900000000000000000e+01 6.571350000000000364e+03
2.100000000000000000e+01 6.984350000000000364e+03
3.700000000000000000e+01 7.260650000000000546e+03
2.100000000000000000e+01 7.341600000000000364e+03
2.900000000000000000e+01 7.343199999999999818e+03
2.100000000000000000e+01 7.614600000000000364e+03
2.900000000000000000e+01 7.843300000000000182e+03
2.100000000000000000e+01 7.871250000000000000e+03
3.000000000000000000e+01 4.573500000000000227e+02
3.800000000000000000e+01 5.214500000000000455e+02
2.200000000000000000e+01 1.708350000000000136e+03
3.800000000000000000e+01 1.788450000000000045e+03
3.000000000000000000e+01 1.840299999999999955e+03
3.800000000000000000e+01 2.010450000000000045e+03
2.200000000000000000e+01 2.418050000000000182e+03
2.200000000000000000e+01 2.748599999999999909e+03
3.800000000000000000e+01 2.965450000000000273e+03
2.200000000000000000e+01 3.394750000000000000e+03
3.000000000000000000e+01 3.462300000000000182e+03
3.800000000000000000e+01 3.585550000000000182e+03
2.200000000000000000e+01 3.602000000000000000e+03
2.200000000000000000e+01 4.066750000000000000e+03
3.800000000000000000e+01 4.220850000000000364e+03
2.200000000000000000e+01 4.342149999999999636e+03
2.200000000000000000e+01 4.572400000000000546e+03
3.000000000000000000e+01 4.598650000000000546e+03
2.200000000000000000e+01 4.647350000000000364e+03
3.800000000000000000e+01 4.683550000000000182e+03
3.800000000000000000e+01 4.727199999999999818e+03
3.000000000000000000e+01 4.914100000000000364e+03
3.800000000000000000e+01 4.947199999999999818e+03
3.000000000000000000e+01 4.953100000000000364e+03
2.200000000000000000e+01 5.030250000000000000e+03
2.200000000000000000e+01 5.113800000000000182e+03
2.200000000000000000e+01 5.184199999999999818e+03
2.200000000000000000e+01 5.879800000000000182e+03
3.800000000000000000e+01 6.225400000000000546e+03
3.800000000000000000e+01 6.486949999999999818e+03
2.200000000000000000e+01 6.572150000000000546e+03
3.800000000000000000e+01 6.787500000000000000e+03
3.000000000000000000e+01 7.001550000000000182e+03
2.200000000000000000e+01 7.054150000000000546e+03
3.000000000000000000e+01 7.254250000000000000e+03
3.800000000000000000e+01 7.656400000000000546e+03
2.200000000000000000e+01 7.786900000000000546e+03
2.200000000000000000e+01 7.886050000000000182e+03
2.300000000000000000e+01 4.097500000000000000e+02
2.300000000000000000e+01 5.257999999999999545e+02
3.900000000000000000e+01 6.571499999999999773e+02
3.900000000000000000e+01 8.188500000000000227e+02
2.300000000000000000e+01 1.301750000000000000e+03
3.900000000000000000e+01 1.707500000000000000e+03
2.300000000000000000e+01 1.779850000000000136e+03
2.300000000000000000e+01 1.846000000000000000e+03
2.300000000000000000e+01 2.619750000000000000e+03
3.100000000000000000e+01 2.634750000000000000e+03
3.900000000000000000e+01 2.668450000000000273e+03
3.100000000000000000e+01 2.964300000000000182e+03
3.100000000000000000e+01 3.171150000000000091e+03
3.900000000000000000e+01 3.375599999999999909e+03
3.100000000000000000e+01 3.377150000000000091e+03
3.900000000000000000e+01 4.105149999999999636e+03
3.900000000000000000e+01 4.317800000000000182e+03
3.100000000000000000e+01 4.332399999999999636e+03
2.300000000000000000e+01 4.339250000000000000e+03
3.900000000000000000e+01 4.357600000000000364e+03
2.300000000000000000e+01 4.601199999999999818e+03
3.900000000000000000e+01 4.726900000000000546e+03
3.100000000000000000e+01 4.821150000000000546e+03
2.300000000000000000e+01 4.843750000000000000e+03
3.900000000000000000e+01 4.971500000000000000e+03
3.100000000000000000e+01 5.412550000000000182e+03
3.900000000000000000e+01 5.909500000000000000e+03
2.300000000000000000e+01 6.755800000000000182e+03
3.100000000000000000e+01 6.866350000000000364e+03
3.100000000000000000e+01 7.330199999999999818e+03
2.300000000000000000e+01 7.375350000000000364e+03
3.900000000000000000e+01 7.399650000000000546e+03
3.900000000000000000e+01 7.661500000000000000e+03
2.300000000000000000e+01 7.749650000000000546e+03
