2.400000000000000000e+01 2.555999999999999943e+02
4.000000000000000000e+01 9.518000000000000682e+02
3.200000000000000000e+01 1.650950000000000045e+03
2.400000000000000000e+01 2.113699999999999818e+03
2.400000000000000000e+01 2.288300000000000182e+03
3.200000000000000000e+01 2.380200000000000273e+03
2.400000000000000000e+01 2.517099999999999909e+03
2.400000000000000000e+01 2.635450000000000273e+03
4.000000000000000000e+01 2.789849999999999909e+03
2.400000000000000000e+01 3.355849999999999909e+03
2.400000000000000000e+01 3.669900000000000091e+03
3.200000000000000000e+01 3.743950000000000273e+03
4.000000000000000000e+01 3.772650000000000091e+03
4.000000000000000000e+01 4.069550000000000182e+03
4.000000000000000000e+01 4.244750000000000000e+03
3.200000000000000000e+01 4.363050000000000182e+03
4.000000000000000000e+01 4.443000000000000000e+03
4.000000000000000000e+01 5.509900000000000546e+03
4.000000000000000000e+01 6.002850000000000364e+03
4.000000000000000000e+01 6.128150000000000546e+03
3.200000000000000000e+01 6.182900000000000546e+03
4.000000000000000000e+01 6.477800000000000182e+03
3.200000000000000000e+01 6.612850000000000364e+03
4.000000000000000000e+01 6.829000000000000000e+03
4.000000000000000000e+01 6.910449999999999818e+03
2.400000000000000000e+01 7.473199999999999818e+03
4.000000000000000000e+01 7.679350000000000364e+03
4.000000000000000000e+01 7.864750000000000000e+03
2.500000000000000000e+01 6.668500000000000227e+02
3.300000000000000000e+01 1.498250000000000000e+03
2.500000000000000000e+01 1.719000000000000000e+03
2.500000000000000000e+01 1.838500000000000000e+03
3.300000000000000000e+01 2.180199999999999818e+03
2.500000000000000000e+01 2.488400000000000091e+03
2.500000000000000000e+01 2.879099999999999909e+03
2.500000000000000000e+01 4.308949999999999818e+03
2.500000000000000000e+01 4.669949999999999818e+03
2.500000000000000000e+01 5.414850000000000364e+03
3.300000000000000000e+01 5.831250000000000000e+03
3.300000000000000000e+01 6.946050000000000182e+03
3.300000000000000000e+01 7.592650000000000546e+03
3.300000000000000000e+01 7.976949999999999818e+03
3.400000000000000000e+01 8.000000000000000000e+02
3.400000000000000000e+01 1.284600000000000136e+03
3.400000000000000000e+01 1.378200000000000045e+03
3.400000000000000000e+01 1.832100000000000136e+03
3.400000000000000000e+01 2.403300000000000182e+03
2.600000000000000000e+01 2.743250000000000000e+03
3.400000000000000000e+01 2.873750000000000000e+03
2.600000000000000000e+01 3.549099999999999909e+03
3.400000000000000000e+01 4.360699999999999818e+03
2.600000000000000000e+01 4.873750000000000000e+03
3.400000000000000000e+01 4.881699999999999818e+03
2.600000000000000000e+01 5.000150000000000546e+03
3.400000000000000000e+01 5.399400000000000546e+03
2.600000000000000000e+01 5.801250000000000000e+03
3.400000000000000000e+01 6.442500000000000000e+03
2.600000000000000000e+01 6.828550000000000182e+03
2.600000000000000000e+01 6.977750000000000000e+03
3.400000000000000000e+01 6.979650000000000546e+03
2.600000000000000000e+01 7.078600000000000364e+03
3.400000000000000000e+01 7.080449999999999818e+03
3.400000000000000000e+01 7.182500000000000000e+03
2.700000000000000000e+01 2.140000000000000213e+01
3.500000000000000000e+01 4.104499999999999886e+02
3.500000000000000000e+01 2.760500000000000000e+03
3.500000000000000000e+01 3.353500000000000000e+03
3.500000000000000000e+01 3.442550000000000182e+03
3.500000000000000000e+01 3.740550000000000182e+03
2.700000000000000000e+01 4.157149999999999636e+03
3.500000000000000000e+01 4.283199999999999818e+03
2.700000000000000000e+01 4.671949999999999818e+03
2.700000000000000000e+01 5.360600000000000364e+03
2.700000000000000000e+01 5.806050000000000182e+03
2.700000000000000000e+01 6.068449999999999818e+03
3.500000000000000000e+01 6.528150000000000546e+03
2.700000000000000000e+01 6.593400000000000546e+03
3.500000000000000000e+01 6.943000000000000000e+03
2.700000000000000000e+01 7.192750000000000000e+03
3.500000000000000000e+01 7.865949999999999818e+03
2.800000000000000000e+01 1.071500000000000000e+03
2.800000000000000000e+01 1.661150000000000091e+03
3.600000000000000000e+01 1.711500000000000000e+03
2.800000000000000000e+01 2.123900000000000091e+03
2.800000000000000000e+01 2.481849999999999909e+03
2.800000000000000000e+01 2.711400000000000091e+03
2.800000000000000000e+01 3.346050000000000182e+03
3.600000000000000000e+01 3.728250000000000000e+03
2.800000000000000000e+01 3.784950000000000273e+03
3.600000000000000000e+01 4.084900000000000091e+03
3.600000000000000000e+01 5.071150000000000546e+03
2.800000000000000000e+01 5.071550000000000182e+03
2.800000000000000000e+01 5.477300000000000182e+03
2.800000000000000000e+01 5.584900000000000546e+03
3.600000000000000000e+01 5.808800000000000182e+03
2.800000000000000000e+01 5.915449999999999818e+03
2.800000000000000000e+01 6.090500000000000000e+03
3.600000000000000000e+01 6.094100000000000364e+03
3.600000000000000000e+01 6.244100000000000364e+03
3.600000000000000000e+01 6.942750000000000000e+03
3.600000000000000000e+01 7.127850000000000364e+03
2.800000000000000000e+01 7.237550000000000182e+03
3.600000000000000000e+01 7.809400000000000546e+03
2.800000000000000000e+01 7.923050000000000182e+03
2.900000000000000000e+01 1.657350000000000136e+03
2.100000000000000000e+01 1.838799999999999955e+03
2.100000000000000000e+01 2.093099999999999909e+03
3.700000000000000000e+01 2.134449999999999818e+03
2.900000000000000000e+01 2.503000000000000000e+03
2.100000000000000000e+01 2.887550000000000182e+03
2.900000000000000000e+01 3.342200000000000273e+03
3.700000000000000000e+01 3.359900000000000091e+03
3.700000000000000000e+01 4.015700000000000273e+03
2.100000000000000000e+01 4.282600000000000364e+03
3.700000000000000000e+01 4.406350000000000364e+03
2.900000000000000000e+01 4.431250000000000000e+03
2.100000000000000000e+01 4.576250000000000000e+03
2.100000000000000000e+01 4.886000000000000000e+03
3.700000000000000000e+01 4.929350000000000364e+03
2.100000000000000000e+01 5.219300000000000182e+03
2.100000000000000000e+01 5.424750000000000000e+03
3.700000000000000000e+01 5.607300000000000182e+03
2.100000000000000000e+01 5.832449999999999818e+03
3.700000000000000000e+01 5.984000000000000000e+03
2.100000000000000000e+01 6.000250000000000000e+03
3.700000000000000000e+01 6.107550000000000182e+03
3.700000000000000000e+01 6.614850000000000364e+03
2.900000000000000000e+01 6.730199999999999818e+03
3.700000000000000000e+01 6.821699999999999818e+03
3.700000000000000000e+01 7.015100000000000364e+03
2.100000000000000000e+01 7.364750000000000000e+03
3.000000000000000000e+01 4.573500000000000227e+02
3.800000000000000000e+01 5.214500000000000455e+02
2.200000000000000000e+01 1.708350000000000136e+03
3.800000000000000000e+01 1.788450000000000045e+03
3.000000000000000000e+01 1.840299999999999955e+03
3.800000000000000000e+01 2.010450000000000045e+03
2.200000000000000000e+01 2.418050000000000182e+03
2.200000000000000000e+01 2.748599999999999909e+03
3.800000000000000000e+01 2.965450000000000273e+03
3.800000000000000000e+01 3.481349999999999909e+03
2.200000000000000000e+01 3.727950000000000273e+03
3.000000000000000000e+01 3.811300000000000182e+03
2.200000000000000000e+01 4.334250000000000000e+03
3.800000000000000000e+01 4.678250000000000000e+03
3.000000000000000000e+01 4.705699999999999818e+03
3.800000000000000000e+01 5.028400000000000546e+03
3.800000000000000000e+01 5.388650000000000546e+03
3.000000000000000000e+01 5.607449999999999818e+03
3.800000000000000000e+01 6.106800000000000182e+03
2.200000000000000000e+01 6.362150000000000546e+03
3.000000000000000000e+01 6.366449999999999818e+03
2.200000000000000000e+01 6.495600000000000364e+03
2.200000000000000000e+01 6.538699999999999818e+03
2.200000000000000000e+01 6.842350000000000364e+03
3.800000000000000000e+01 6.941449999999999818e+03
3.800000000000000000e+01 7.324550000000000182e+03
2.200000000000000000e+01 7.338300000000000182e+03
3.000000000000000000e+01 7.358850000000000364e+03
2.200000000000000000e+01 7.863000000000000000e+03
2.300000000000000000e+01 4.097500000000000000e+02
2.300000000000000000e+01 5.257999999999999545e+02
3.900000000000000000e+01 6.571499999999999773e+02
3.900000000000000000e+01 8.188500000000000227e+02
2.300000000000000000e+01 1.301750000000000000e+03
3.900000000000000000e+01 1.707500000000000000e+03
2.300000000000000000e+01 1.779850000000000136e+03
2.300000000000000000e+01 1.846000000000000000e+03
2.300000000000000000e+01 2.619750000000000000e+03
3.100000000000000000e+01 2.634750000000000000e+03
3.900000000000000000e+01 2.668450000000000273e+03
3.100000000000000000e+01 2.964300000000000182e+03
3.100000000000000000e+01 3.171150000000000091e+03
3.900000000000000000e+01 3.376050000000000182e+03
3.900000000000000000e+01 4.551300000000000182e+03
3.100000000000000000e+01 4.628699999999999818e+03
3.100000000000000000e+01 4.672750000000000000e+03
3.100000000000000000e+01 4.833350000000000364e+03
3.100000000000000000e+01 4.908150000000000546e+03
3.100000000000000000e+01 5.293949999999999818e+03
3.900000000000000000e+01 5.306350000000000364e+03
3.100000000000000000e+01 5.802300000000000182e+03
3.900000000000000000e+01 5.817100000000000364e+03
3.900000000000000000e+01 6.012250000000000000e+03
3.900000000000000000e+01 6.064300000000000182e+03
3.100000000000000000e+01 6.308550000000000182e+03
2.300000000000000000e+01 6.369050000000000182e+03
2.300000000000000000e+01 6.578850000000000364e+03
3.900000000000000000e+01 6.584300000000000182e+03
2.300000000000000000e+01 6.937800000000000182e+03
3.900000000000000000e+01 7.087550000000000182e+03
3.900000000000000000e+01 7.118750000000000000e+03
2.300000000000000000e+01 7.184400000000000546e+03
3.900000000000000000e+01 7.400850000000000364e+03
3.100000000000000000e+01 7.403850000000000364e+03
2.300000000000000000e+01 7.408150000000000546e+03
3.900000000000000000e+01 7.443850000000000364e+03
2.300000000000000000e+01 7.858449999999999818e+03
