5.600000000000000000e+01 1.140100000000000136e+03
5.600000000000000000e+01 2.163400000000000091e+03
4.800000000000000000e+01 3.697050000000000182e+03
4.800000000000000000e+01 4.370000000000000000e+03
5.600000000000000000e+01 4.400900000000000546e+03
5.600000000000000000e+01 4.987100000000000364e+03
5.600000000000000000e+01 5.150550000000000182e+03
4.800000000000000000e+01 5.327699999999999818e+03
5.600000000000000000e+01 5.523650000000000546e+03
5.600000000000000000e+01 5.775800000000000182e+03
4.800000000000000000e+01 5.844199999999999818e+03
5.600000000000000000e+01 5.926699999999999818e+03
5.600000000000000000e+01 6.156250000000000000e+03
4.800000000000000000e+01 6.582500000000000000e+03
4.800000000000000000e+01 6.679350000000000364e+03
5.600000000000000000e+01 7.158949999999999818e+03
4.800000000000000000e+01 7.541199999999999818e+03
5.600000000000000000e+01 7.554750000000000000e+03
4.900000000000000000e+01 6.158500000000000227e+02
4.100000000000000000e+01 8.183500000000000227e+02
5.700000000000000000e+01 1.193400000000000091e+03
4.900000000000000000e+01 1.207650000000000091e+03
4.100000000000000000e+01 1.793100000000000136e+03
5.700000000000000000e+01 2.125349999999999909e+03
4.900000000000000000e+01 2.135250000000000000e+03
4.100000000000000000e+01 2.386599999999999909e+03
5.700000000000000000e+01 3.131200000000000273e+03
5.700000000000000000e+01 3.414700000000000273e+03
5.700000000000000000e+01 3.462349999999999909e+03
5.700000000000000000e+01 3.544650000000000091e+03
4.100000000000000000e+01 3.618200000000000273e+03
5.700000000000000000e+01 3.693050000000000182e+03
5.700000000000000000e+01 3.759400000000000091e+03
4.900000000000000000e+01 3.917849999999999909e+03
4.900000000000000000e+01 4.305899999999999636e+03
4.100000000000000000e+01 4.548750000000000000e+03
4.900000000000000000e+01 4.761000000000000000e+03
4.100000000000000000e+01 4.959850000000000364e+03
4.900000000000000000e+01 5.010750000000000000e+03
5.700000000000000000e+01 5.051199999999999818e+03
4.100000000000000000e+01 5.662199999999999818e+03
5.700000000000000000e+01 5.701949999999999818e+03
4.100000000000000000e+01 5.702449999999999818e+03
4.100000000000000000e+01 5.797449999999999818e+03
5.700000000000000000e+01 5.804350000000000364e+03
4.100000000000000000e+01 5.854300000000000182e+03
5.700000000000000000e+01 5.925850000000000364e+03
4.100000000000000000e+01 5.987650000000000546e+03
4.100000000000000000e+01 6.019850000000000364e+03
4.900000000000000000e+01 6.042150000000000546e+03
5.700000000000000000e+01 6.047850000000000364e+03
4.900000000000000000e+01 6.114850000000000364e+03
4.100000000000000000e+01 6.276650000000000546e+03
4.900000000000000000e+01 6.424550000000000182e+03
5.700000000000000000e+01 6.490600000000000364e+03
4.100000000000000000e+01 6.636550000000000182e+03
4.100000000000000000e+01 7.537150000000000546e+03
5.700000000000000000e+01 7.537850000000000364e+03
4.900000000000000000e+01 7.542300000000000182e+03
4.900000000000000000e+01 7.859449999999999818e+03
4.100000000000000000e+01 7.945699999999999818e+03
5.000000000000000000e+01 7.417500000000000000e+02
5.800000000000000000e+01 1.219750000000000000e+03
5.800000000000000000e+01 1.678900000000000091e+03
5.800000000000000000e+01 1.945450000000000045e+03
5.000000000000000000e+01 2.380000000000000000e+03
5.800000000000000000e+01 3.105900000000000091e+03
5.000000000000000000e+01 3.474900000000000091e+03
4.200000000000000000e+01 3.679650000000000091e+03
4.200000000000000000e+01 4.077200000000000273e+03
4.200000000000000000e+01 4.143199999999999818e+03
4.200000000000000000e+01 4.343750000000000000e+03
5.800000000000000000e+01 4.366500000000000000e+03
5.000000000000000000e+01 4.588949999999999818e+03
4.200000000000000000e+01 4.802650000000000546e+03
5.000000000000000000e+01 5.030600000000000364e+03
4.200000000000000000e+01 5.039800000000000182e+03
5.800000000000000000e+01 5.120800000000000182e+03
5.800000000000000000e+01 5.208350000000000364e+03
4.200000000000000000e+01 5.500750000000000000e+03
4.200000000000000000e+01 5.639400000000000546e+03
5.000000000000000000e+01 5.658400000000000546e+03
4.200000000000000000e+01 5.689300000000000182e+03
4.200000000000000000e+01 5.974500000000000000e+03
5.000000000000000000e+01 6.477600000000000364e+03
4.200000000000000000e+01 6.543699999999999818e+03
5.800000000000000000e+01 6.562800000000000182e+03
4.200000000000000000e+01 6.587800000000000182e+03
5.800000000000000000e+01 6.775250000000000000e+03
4.200000000000000000e+01 7.239949999999999818e+03
4.200000000000000000e+01 7.386300000000000182e+03
4.200000000000000000e+01 7.527900000000000546e+03
5.000000000000000000e+01 7.536550000000000182e+03
5.000000000000000000e+01 7.629600000000000364e+03
4.200000000000000000e+01 7.665600000000000364e+03
5.100000000000000000e+01 9.156499999999999773e+02
4.300000000000000000e+01 1.531049999999999955e+03
4.300000000000000000e+01 1.817150000000000091e+03
5.900000000000000000e+01 1.992600000000000136e+03
4.300000000000000000e+01 2.348250000000000000e+03
5.100000000000000000e+01 2.382700000000000273e+03
5.900000000000000000e+01 2.860349999999999909e+03
4.300000000000000000e+01 3.071550000000000182e+03
5.900000000000000000e+01 3.107700000000000273e+03
5.100000000000000000e+01 3.152750000000000000e+03
4.300000000000000000e+01 3.584300000000000182e+03
5.900000000000000000e+01 4.030000000000000000e+03
5.100000000000000000e+01 4.132350000000000364e+03
4.300000000000000000e+01 4.151350000000000364e+03
5.900000000000000000e+01 4.226449999999999818e+03
4.300000000000000000e+01 4.337100000000000364e+03
4.300000000000000000e+01 4.682199999999999818e+03
5.100000000000000000e+01 5.134949999999999818e+03
4.300000000000000000e+01 5.456300000000000182e+03
5.100000000000000000e+01 5.671350000000000364e+03
4.300000000000000000e+01 5.806050000000000182e+03
5.900000000000000000e+01 6.007250000000000000e+03
5.100000000000000000e+01 6.057300000000000182e+03
5.100000000000000000e+01 6.108350000000000364e+03
5.900000000000000000e+01 6.229600000000000364e+03
4.300000000000000000e+01 6.260600000000000364e+03
5.100000000000000000e+01 6.619650000000000546e+03
5.900000000000000000e+01 6.743150000000000546e+03
4.300000000000000000e+01 7.326750000000000000e+03
5.100000000000000000e+01 7.709250000000000000e+03
5.900000000000000000e+01 7.717600000000000364e+03
5.100000000000000000e+01 7.965300000000000182e+03
6.000000000000000000e+01 5.898999999999999773e+02
5.200000000000000000e+01 6.409500000000000455e+02
6.000000000000000000e+01 9.162500000000000000e+02
6.000000000000000000e+01 9.598999999999999773e+02
5.200000000000000000e+01 2.569849999999999909e+03
5.200000000000000000e+01 3.144349999999999909e+03
5.200000000000000000e+01 3.345099999999999909e+03
4.400000000000000000e+01 3.360750000000000000e+03
5.200000000000000000e+01 3.439550000000000182e+03
5.200000000000000000e+01 3.606300000000000182e+03
6.000000000000000000e+01 3.678400000000000091e+03
4.400000000000000000e+01 3.709700000000000273e+03
5.200000000000000000e+01 3.895950000000000273e+03
4.400000000000000000e+01 3.921750000000000000e+03
5.200000000000000000e+01 4.041450000000000273e+03
5.200000000000000000e+01 4.729850000000000364e+03
6.000000000000000000e+01 4.737300000000000182e+03
6.000000000000000000e+01 4.957800000000000182e+03
6.000000000000000000e+01 5.031900000000000546e+03
5.200000000000000000e+01 5.158199999999999818e+03
4.400000000000000000e+01 5.428350000000000364e+03
4.400000000000000000e+01 5.601650000000000546e+03
5.200000000000000000e+01 5.623199999999999818e+03
4.400000000000000000e+01 5.801199999999999818e+03
6.000000000000000000e+01 5.891850000000000364e+03
6.000000000000000000e+01 5.945800000000000182e+03
6.000000000000000000e+01 5.988850000000000364e+03
6.000000000000000000e+01 6.054500000000000000e+03
6.000000000000000000e+01 6.274050000000000182e+03
4.400000000000000000e+01 6.601650000000000546e+03
4.400000000000000000e+01 6.745550000000000182e+03
5.200000000000000000e+01 6.774900000000000546e+03
6.000000000000000000e+01 6.849699999999999818e+03
6.000000000000000000e+01 7.076900000000000546e+03
6.000000000000000000e+01 7.229100000000000364e+03
4.400000000000000000e+01 7.339300000000000182e+03
4.400000000000000000e+01 7.541100000000000364e+03
6.000000000000000000e+01 7.543600000000000364e+03
5.300000000000000000e+01 2.043499999999999943e+02
5.300000000000000000e+01 1.441650000000000091e+03
5.300000000000000000e+01 1.668200000000000045e+03
5.300000000000000000e+01 1.807750000000000000e+03
5.300000000000000000e+01 2.912400000000000091e+03
4.500000000000000000e+01 3.071099999999999909e+03
4.500000000000000000e+01 3.129750000000000000e+03
5.300000000000000000e+01 3.903250000000000000e+03
4.500000000000000000e+01 4.030450000000000273e+03
5.300000000000000000e+01 4.304100000000000364e+03
5.300000000000000000e+01 5.595800000000000182e+03
4.500000000000000000e+01 5.681300000000000182e+03
5.300000000000000000e+01 6.362750000000000000e+03
5.300000000000000000e+01 6.418900000000000546e+03
4.500000000000000000e+01 6.662150000000000546e+03
4.500000000000000000e+01 6.747600000000000364e+03
4.500000000000000000e+01 7.820650000000000546e+03
5.300000000000000000e+01 7.902500000000000000e+03
5.400000000000000000e+01 2.922500000000000000e+02
5.400000000000000000e+01 1.572299999999999955e+03
5.400000000000000000e+01 1.931750000000000000e+03
4.600000000000000000e+01 1.942200000000000045e+03
4.600000000000000000e+01 2.124750000000000000e+03
5.400000000000000000e+01 2.153599999999999909e+03
5.400000000000000000e+01 3.176150000000000091e+03
5.400000000000000000e+01 3.191750000000000000e+03
4.600000000000000000e+01 3.381200000000000273e+03
5.400000000000000000e+01 4.033200000000000273e+03
5.400000000000000000e+01 4.450800000000000182e+03
4.600000000000000000e+01 4.787150000000000546e+03
5.400000000000000000e+01 5.312300000000000182e+03
4.600000000000000000e+01 5.798400000000000546e+03
5.400000000000000000e+01 5.839050000000000182e+03
5.400000000000000000e+01 6.406650000000000546e+03
4.600000000000000000e+01 6.465650000000000546e+03
4.600000000000000000e+01 6.539300000000000182e+03
5.400000000000000000e+01 6.990100000000000364e+03
4.600000000000000000e+01 7.250550000000000182e+03
4.600000000000000000e+01 7.540300000000000182e+03
5.400000000000000000e+01 7.540650000000000546e+03
5.400000000000000000e+01 7.906100000000000364e+03
4.600000000000000000e+01 7.967699999999999818e+03
5.500000000000000000e+01 4.919499999999999886e+02
5.500000000000000000e+01 1.799000000000000000e+03
5.500000000000000000e+01 2.312700000000000273e+03
4.700000000000000000e+01 2.367700000000000273e+03
5.500000000000000000e+01 3.150550000000000182e+03
5.500000000000000000e+01 3.352300000000000182e+03
5.500000000000000000e+01 4.679500000000000000e+03
5.500000000000000000e+01 4.964050000000000182e+03
4.700000000000000000e+01 5.162949999999999818e+03
4.700000000000000000e+01 5.404949999999999818e+03
4.700000000000000000e+01 5.588300000000000182e+03
4.700000000000000000e+01 5.790949999999999818e+03
5.500000000000000000e+01 5.844100000000000364e+03
5.500000000000000000e+01 6.311500000000000000e+03
5.500000000000000000e+01 6.368750000000000000e+03
4.700000000000000000e+01 6.687100000000000364e+03
4.700000000000000000e+01 7.023900000000000546e+03
5.500000000000000000e+01 7.078000000000000000e+03
5.500000000000000000e+01 7.246400000000000546e+03
5.500000000000000000e+01 7.526500000000000000e+03
4.700000000000000000e+01 7.553050000000000182e+03
5.500000000000000000e+01 7.655850000000000364e+03
4.700000000000000000e+01 7.661350000000000364e+03
5.500000000000000000e+01 7.893900000000000546e+03
4.700000000000000000e+01 7.898000000000000000e+03
