2.400000000000000000e+01 2.555999999999999943e+02
4.000000000000000000e+01 9.518000000000000682e+02
3.200000000000000000e+01 1.650950000000000045e+03
2.400000000000000000e+01 2.113699999999999818e+03
2.400000000000000000e+01 2.288300000000000182e+03
3.200000000000000000e+01 2.380200000000000273e+03
2.400000000000000000e+01 2.517099999999999909e+03
2.400000000000000000e+01 2.635450000000000273e+03
4.000000000000000000e+01 2.789849999999999909e+03
2.400000000000000000e+01 3.355849999999999909e+03
2.400000000000000000e+01 3.669900000000000091e+03
3.200000000000000000e+01 3.702700000000000273e+03
2.400000000000000000e+01 3.736200000000000273e+03
4.000000000000000000e+01 3.823300000000000182e+03
3.200000000000000000e+01 3.964150000000000091e+03
4.000000000000000000e+01 4.870150000000000546e+03
4.000000000000000000e+01 5.145100000000000364e+03
4.000000000000000000e+01 5.431949999999999818e+03
4.000000000000000000e+01 5.515949999999999818e+03
3.200000000000000000e+01 6.133400000000000546e+03
4.000000000000000000e+01 6.149400000000000546e+03
2.400000000000000000e+01 6.319199999999999818e+03
2.400000000000000000e+01 6.530300000000000182e+03
4.000000000000000000e+01 6.667949999999999818e+03
2.400000000000000000e+01 6.802500000000000000e+03
2.400000000000000000e+01 7.952800000000000182e+03
2.500000000000000000e+01 6.668500000000000227e+02
3.300000000000000000e+01 1.498250000000000000e+03
2.500000000000000000e+01 1.719000000000000000e+03
2.500000000000000000e+01 1.838500000000000000e+03
3.300000000000000000e+01 2.180199999999999818e+03
2.500000000000000000e+01 2.488400000000000091e+03
2.500000000000000000e+01 2.879099999999999909e+03
3.300000000000000000e+01 3.721950000000000273e+03
3.300000000000000000e+01 3.837400000000000091e+03
3.300000000000000000e+01 4.112949999999999818e+03
2.500000000000000000e+01 5.918650000000000546e+03
3.300000000000000000e+01 6.108750000000000000e+03
3.300000000000000000e+01 6.246150000000000546e+03
2.500000000000000000e+01 6.319900000000000546e+03
3.300000000000000000e+01 6.956900000000000546e+03
3.300000000000000000e+01 7.035000000000000000e+03
3.300000000000000000e+01 7.062900000000000546e+03
3.300000000000000000e+01 7.123000000000000000e+03
2.500000000000000000e+01 7.447449999999999818e+03
3.300000000000000000e+01 7.617100000000000364e+03
3.300000000000000000e+01 7.989600000000000364e+03
3.400000000000000000e+01 8.000000000000000000e+02
3.400000000000000000e+01 1.284600000000000136e+03
3.400000000000000000e+01 1.378200000000000045e+03
3.400000000000000000e+01 1.832100000000000136e+03
3.400000000000000000e+01 2.403300000000000182e+03
2.600000000000000000e+01 2.743250000000000000e+03
3.400000000000000000e+01 2.873750000000000000e+03
2.600000000000000000e+01 3.549099999999999909e+03
2.600000000000000000e+01 4.118899999999999636e+03
3.400000000000000000e+01 4.410750000000000000e+03
3.400000000000000000e+01 6.744550000000000182e+03
3.400000000000000000e+01 7.139050000000000182e+03
3.400000000000000000e+01 7.340800000000000182e+03
2.600000000000000000e+01 7.348500000000000000e+03
2.600000000000000000e+01 7.967150000000000546e+03
2.700000000000000000e+01 2.140000000000000213e+01
3.500000000000000000e+01 4.104499999999999886e+02
3.500000000000000000e+01 2.760500000000000000e+03
3.500000000000000000e+01 3.353500000000000000e+03
3.500000000000000000e+01 3.442550000000000182e+03
2.700000000000000000e+01 4.937150000000000546e+03
3.500000000000000000e+01 5.070050000000000182e+03
2.700000000000000000e+01 5.497800000000000182e+03
3.500000000000000000e+01 5.613500000000000000e+03
2.700000000000000000e+01 5.811050000000000182e+03
2.700000000000000000e+01 6.128449999999999818e+03
2.700000000000000000e+01 6.320949999999999818e+03
3.500000000000000000e+01 7.129350000000000364e+03
2.700000000000000000e+01 7.130550000000000182e+03
3.500000000000000000e+01 7.627500000000000000e+03
2.800000000000000000e+01 1.071500000000000000e+03
2.800000000000000000e+01 1.661150000000000091e+03
3.600000000000000000e+01 1.711500000000000000e+03
2.800000000000000000e+01 2.123900000000000091e+03
2.800000000000000000e+01 2.481849999999999909e+03
2.800000000000000000e+01 2.711400000000000091e+03
2.800000000000000000e+01 3.346050000000000182e+03
2.800000000000000000e+01 4.322350000000000364e+03
3.600000000000000000e+01 5.121250000000000000e+03
2.800000000000000000e+01 5.147000000000000000e+03
2.800000000000000000e+01 5.614100000000000364e+03
3.600000000000000000e+01 5.964800000000000182e+03
3.600000000000000000e+01 6.177949999999999818e+03
3.600000000000000000e+01 6.551600000000000364e+03
2.800000000000000000e+01 7.146000000000000000e+03
2.800000000000000000e+01 7.170350000000000364e+03
2.800000000000000000e+01 7.357949999999999818e+03
2.800000000000000000e+01 7.847150000000000546e+03
2.900000000000000000e+01 1.657350000000000136e+03
2.100000000000000000e+01 1.838799999999999955e+03
2.100000000000000000e+01 2.093099999999999909e+03
3.700000000000000000e+01 2.134449999999999818e+03
2.900000000000000000e+01 2.503000000000000000e+03
2.100000000000000000e+01 2.887550000000000182e+03
2.900000000000000000e+01 3.342200000000000273e+03
3.700000000000000000e+01 3.359900000000000091e+03
3.700000000000000000e+01 3.802450000000000273e+03
2.900000000000000000e+01 4.104850000000000364e+03
2.100000000000000000e+01 4.405550000000000182e+03
2.900000000000000000e+01 4.878550000000000182e+03
3.700000000000000000e+01 5.391900000000000546e+03
2.100000000000000000e+01 5.450199999999999818e+03
2.100000000000000000e+01 5.478050000000000182e+03
2.100000000000000000e+01 5.505850000000000364e+03
3.700000000000000000e+01 5.577150000000000546e+03
2.900000000000000000e+01 6.573000000000000000e+03
3.700000000000000000e+01 6.806800000000000182e+03
2.900000000000000000e+01 7.335199999999999818e+03
2.900000000000000000e+01 7.557900000000000546e+03
2.100000000000000000e+01 7.815350000000000364e+03
3.000000000000000000e+01 4.573500000000000227e+02
3.800000000000000000e+01 5.214500000000000455e+02
2.200000000000000000e+01 1.708350000000000136e+03
3.800000000000000000e+01 1.788450000000000045e+03
3.000000000000000000e+01 1.840299999999999955e+03
3.800000000000000000e+01 2.010450000000000045e+03
2.200000000000000000e+01 2.418050000000000182e+03
2.200000000000000000e+01 2.748599999999999909e+03
3.800000000000000000e+01 2.965450000000000273e+03
3.800000000000000000e+01 3.481349999999999909e+03
3.000000000000000000e+01 3.703349999999999909e+03
2.200000000000000000e+01 3.709900000000000091e+03
3.800000000000000000e+01 3.809700000000000273e+03
3.000000000000000000e+01 3.962849999999999909e+03
2.200000000000000000e+01 4.010650000000000091e+03
3.000000000000000000e+01 4.042500000000000000e+03
3.000000000000000000e+01 4.412350000000000364e+03
3.800000000000000000e+01 4.670550000000000182e+03
2.200000000000000000e+01 5.517050000000000182e+03
3.800000000000000000e+01 6.165900000000000546e+03
2.200000000000000000e+01 6.265050000000000182e+03
3.000000000000000000e+01 6.882050000000000182e+03
2.200000000000000000e+01 6.952750000000000000e+03
3.800000000000000000e+01 6.969650000000000546e+03
2.200000000000000000e+01 7.031650000000000546e+03
3.000000000000000000e+01 7.101600000000000364e+03
3.800000000000000000e+01 7.181750000000000000e+03
2.200000000000000000e+01 7.428550000000000182e+03
3.000000000000000000e+01 7.570650000000000546e+03
2.200000000000000000e+01 7.615300000000000182e+03
3.000000000000000000e+01 7.714250000000000000e+03
2.300000000000000000e+01 4.097500000000000000e+02
2.300000000000000000e+01 5.257999999999999545e+02
3.900000000000000000e+01 6.571499999999999773e+02
3.900000000000000000e+01 8.188500000000000227e+02
2.300000000000000000e+01 1.301750000000000000e+03
3.900000000000000000e+01 1.707500000000000000e+03
2.300000000000000000e+01 1.779850000000000136e+03
2.300000000000000000e+01 1.846000000000000000e+03
2.300000000000000000e+01 2.619750000000000000e+03
3.100000000000000000e+01 2.634750000000000000e+03
3.900000000000000000e+01 2.668450000000000273e+03
3.100000000000000000e+01 2.964300000000000182e+03
3.100000000000000000e+01 3.171150000000000091e+03
3.900000000000000000e+01 3.376050000000000182e+03
3.100000000000000000e+01 3.725650000000000091e+03
2.300000000000000000e+01 3.811450000000000273e+03
3.900000000000000000e+01 3.913750000000000000e+03
3.900000000000000000e+01 4.009000000000000000e+03
3.100000000000000000e+01 4.739000000000000000e+03
2.300000000000000000e+01 5.272300000000000182e+03
2.300000000000000000e+01 5.421449999999999818e+03
3.900000000000000000e+01 5.461949999999999818e+03
3.900000000000000000e+01 5.904500000000000000e+03
3.100000000000000000e+01 6.039449999999999818e+03
3.100000000000000000e+01 6.134949999999999818e+03
3.100000000000000000e+01 6.315800000000000182e+03
3.900000000000000000e+01 6.531550000000000182e+03
3.100000000000000000e+01 6.735850000000000364e+03
2.300000000000000000e+01 7.209250000000000000e+03
3.900000000000000000e+01 7.349800000000000182e+03
2.300000000000000000e+01 7.856199999999999818e+03
