2.400000000000000000e+01 2.555999999999999943e+02
4.000000000000000000e+01 9.518000000000000682e+02
3.200000000000000000e+01 1.650950000000000045e+03
2.400000000000000000e+01 2.113699999999999818e+03
2.400000000000000000e+01 2.288300000000000182e+03
3.200000000000000000e+01 2.380200000000000273e+03
2.400000000000000000e+01 2.517099999999999909e+03
2.400000000000000000e+01 2.635450000000000273e+03
4.000000000000000000e+01 2.789849999999999909e+03
4.000000000000000000e+01 3.664750000000000000e+03
4.000000000000000000e+01 3.908849999999999909e+03
3.200000000000000000e+01 4.469449999999999818e+03
2.400000000000000000e+01 4.757800000000000182e+03
2.400000000000000000e+01 4.946850000000000364e+03
4.000000000000000000e+01 5.136500000000000000e+03
4.000000000000000000e+01 5.202000000000000000e+03
4.000000000000000000e+01 5.361250000000000000e+03
2.400000000000000000e+01 5.512500000000000000e+03
3.200000000000000000e+01 5.655800000000000182e+03
4.000000000000000000e+01 5.661500000000000000e+03
3.200000000000000000e+01 6.442900000000000546e+03
3.200000000000000000e+01 6.880400000000000546e+03
2.400000000000000000e+01 7.080000000000000000e+03
3.200000000000000000e+01 7.190750000000000000e+03
4.000000000000000000e+01 7.212500000000000000e+03
2.400000000000000000e+01 7.235400000000000546e+03
3.200000000000000000e+01 7.497699999999999818e+03
3.200000000000000000e+01 7.762900000000000546e+03
2.500000000000000000e+01 6.668500000000000227e+02
3.300000000000000000e+01 1.498250000000000000e+03
2.500000000000000000e+01 1.719000000000000000e+03
2.500000000000000000e+01 1.838500000000000000e+03
3.300000000000000000e+01 2.180199999999999818e+03
2.500000000000000000e+01 2.488400000000000091e+03
2.500000000000000000e+01 2.879099999999999909e+03
2.500000000000000000e+01 3.397750000000000000e+03
2.500000000000000000e+01 4.312649999999999636e+03
2.500000000000000000e+01 4.549050000000000182e+03
3.300000000000000000e+01 5.032800000000000182e+03
2.500000000000000000e+01 5.159400000000000546e+03
2.500000000000000000e+01 5.196350000000000364e+03
2.500000000000000000e+01 5.604600000000000364e+03
3.300000000000000000e+01 5.688449999999999818e+03
2.500000000000000000e+01 6.183000000000000000e+03
2.500000000000000000e+01 6.457800000000000182e+03
3.300000000000000000e+01 6.945250000000000000e+03
3.300000000000000000e+01 7.052699999999999818e+03
2.500000000000000000e+01 7.213199999999999818e+03
2.500000000000000000e+01 7.263199999999999818e+03
2.500000000000000000e+01 7.381900000000000546e+03
3.300000000000000000e+01 7.661900000000000546e+03
3.300000000000000000e+01 7.899650000000000546e+03
3.400000000000000000e+01 8.000000000000000000e+02
3.400000000000000000e+01 1.284600000000000136e+03
3.400000000000000000e+01 1.378200000000000045e+03
3.400000000000000000e+01 1.832100000000000136e+03
3.400000000000000000e+01 2.403300000000000182e+03
2.600000000000000000e+01 2.743250000000000000e+03
3.400000000000000000e+01 2.873750000000000000e+03
2.600000000000000000e+01 4.924850000000000364e+03
2.600000000000000000e+01 5.160449999999999818e+03
3.400000000000000000e+01 5.854650000000000546e+03
3.400000000000000000e+01 6.146300000000000182e+03
3.400000000000000000e+01 6.876900000000000546e+03
2.600000000000000000e+01 7.921199999999999818e+03
2.700000000000000000e+01 2.140000000000000213e+01
3.500000000000000000e+01 4.104499999999999886e+02
3.500000000000000000e+01 2.760500000000000000e+03
3.500000000000000000e+01 3.914500000000000000e+03
3.500000000000000000e+01 4.455750000000000000e+03
3.500000000000000000e+01 4.736400000000000546e+03
3.500000000000000000e+01 4.965400000000000546e+03
2.700000000000000000e+01 5.170550000000000182e+03
3.500000000000000000e+01 5.492750000000000000e+03
3.500000000000000000e+01 5.564400000000000546e+03
2.700000000000000000e+01 5.954100000000000364e+03
2.700000000000000000e+01 7.207949999999999818e+03
3.500000000000000000e+01 7.273050000000000182e+03
3.500000000000000000e+01 7.489250000000000000e+03
3.500000000000000000e+01 7.750150000000000546e+03
2.800000000000000000e+01 1.071500000000000000e+03
2.800000000000000000e+01 1.661150000000000091e+03
3.600000000000000000e+01 1.711500000000000000e+03
2.800000000000000000e+01 2.123900000000000091e+03
2.800000000000000000e+01 2.481849999999999909e+03
2.800000000000000000e+01 2.711400000000000091e+03
2.800000000000000000e+01 3.302349999999999909e+03
3.600000000000000000e+01 3.333050000000000182e+03
3.600000000000000000e+01 3.521550000000000182e+03
2.800000000000000000e+01 3.544300000000000182e+03
2.800000000000000000e+01 3.810950000000000273e+03
2.800000000000000000e+01 4.020300000000000182e+03
2.800000000000000000e+01 4.105899999999999636e+03
3.600000000000000000e+01 4.470000000000000000e+03
3.600000000000000000e+01 4.772500000000000000e+03
2.800000000000000000e+01 5.195150000000000546e+03
2.800000000000000000e+01 5.463100000000000364e+03
2.800000000000000000e+01 6.843500000000000000e+03
3.600000000000000000e+01 7.229400000000000546e+03
2.800000000000000000e+01 7.231250000000000000e+03
2.800000000000000000e+01 7.270750000000000000e+03
3.600000000000000000e+01 7.378350000000000364e+03
2.800000000000000000e+01 7.523949999999999818e+03
2.800000000000000000e+01 7.810250000000000000e+03
2.900000000000000000e+01 1.657350000000000136e+03
2.100000000000000000e+01 1.838799999999999955e+03
2.100000000000000000e+01 2.093099999999999909e+03
3.700000000000000000e+01 2.134449999999999818e+03
2.900000000000000000e+01 2.503000000000000000e+03
2.100000000000000000e+01 2.887550000000000182e+03
3.700000000000000000e+01 3.342450000000000273e+03
2.100000000000000000e+01 3.706700000000000273e+03
3.700000000000000000e+01 4.847150000000000546e+03
2.900000000000000000e+01 4.857900000000000546e+03
2.100000000000000000e+01 4.970150000000000546e+03
2.900000000000000000e+01 5.309650000000000546e+03
3.700000000000000000e+01 5.331350000000000364e+03
2.100000000000000000e+01 5.547350000000000364e+03
2.100000000000000000e+01 5.851750000000000000e+03
2.100000000000000000e+01 6.539750000000000000e+03
2.100000000000000000e+01 6.718800000000000182e+03
3.700000000000000000e+01 6.950100000000000364e+03
3.700000000000000000e+01 7.169900000000000546e+03
2.900000000000000000e+01 7.234000000000000000e+03
3.700000000000000000e+01 7.307400000000000546e+03
3.700000000000000000e+01 7.420300000000000182e+03
2.900000000000000000e+01 7.479300000000000182e+03
3.700000000000000000e+01 7.927500000000000000e+03
3.000000000000000000e+01 4.573500000000000227e+02
3.800000000000000000e+01 5.214500000000000455e+02
2.200000000000000000e+01 1.708350000000000136e+03
3.800000000000000000e+01 1.788450000000000045e+03
3.000000000000000000e+01 1.840299999999999955e+03
3.800000000000000000e+01 2.010450000000000045e+03
2.200000000000000000e+01 2.418050000000000182e+03
2.200000000000000000e+01 2.748599999999999909e+03
3.800000000000000000e+01 2.965450000000000273e+03
3.800000000000000000e+01 3.790400000000000091e+03
3.000000000000000000e+01 3.832550000000000182e+03
2.200000000000000000e+01 4.767350000000000364e+03
3.800000000000000000e+01 5.059350000000000364e+03
3.000000000000000000e+01 6.149850000000000364e+03
2.200000000000000000e+01 6.291500000000000000e+03
3.800000000000000000e+01 6.307750000000000000e+03
3.800000000000000000e+01 6.912050000000000182e+03
3.800000000000000000e+01 6.956150000000000546e+03
3.800000000000000000e+01 7.071449999999999818e+03
3.000000000000000000e+01 7.223300000000000182e+03
3.000000000000000000e+01 7.300800000000000182e+03
3.000000000000000000e+01 7.361550000000000182e+03
3.800000000000000000e+01 7.531500000000000000e+03
3.800000000000000000e+01 7.649199999999999818e+03
2.200000000000000000e+01 7.898100000000000364e+03
3.000000000000000000e+01 7.947600000000000364e+03
2.300000000000000000e+01 4.097500000000000000e+02
2.300000000000000000e+01 5.257999999999999545e+02
3.900000000000000000e+01 6.571499999999999773e+02
3.900000000000000000e+01 8.188500000000000227e+02
2.300000000000000000e+01 1.301750000000000000e+03
3.900000000000000000e+01 1.707500000000000000e+03
2.300000000000000000e+01 1.779850000000000136e+03
2.300000000000000000e+01 1.846000000000000000e+03
2.300000000000000000e+01 2.619750000000000000e+03
3.100000000000000000e+01 2.634750000000000000e+03
3.900000000000000000e+01 2.668450000000000273e+03
3.100000000000000000e+01 2.964300000000000182e+03
3.100000000000000000e+01 3.171150000000000091e+03
2.300000000000000000e+01 3.322849999999999909e+03
3.900000000000000000e+01 3.371400000000000091e+03
3.100000000000000000e+01 4.006200000000000273e+03
2.300000000000000000e+01 4.011500000000000000e+03
3.900000000000000000e+01 4.039400000000000091e+03
3.900000000000000000e+01 4.809050000000000182e+03
3.900000000000000000e+01 5.148600000000000364e+03
3.900000000000000000e+01 5.459300000000000182e+03
2.300000000000000000e+01 5.489750000000000000e+03
3.900000000000000000e+01 5.517050000000000182e+03
2.300000000000000000e+01 5.548199999999999818e+03
3.900000000000000000e+01 5.714250000000000000e+03
3.100000000000000000e+01 6.021400000000000546e+03
3.100000000000000000e+01 6.332650000000000546e+03
2.300000000000000000e+01 7.067850000000000364e+03
3.900000000000000000e+01 7.247199999999999818e+03
2.300000000000000000e+01 7.486800000000000182e+03
3.900000000000000000e+01 7.809500000000000000e+03
2.300000000000000000e+01 7.887750000000000000e+03
