1.040000000000000000e+02 1.780000000000000071e+01
1.200000000000000000e+02 1.800000000000000000e+01
1.120000000000000000e+02 1.815000000000000213e+01
1.040000000000000000e+02 2.015000000000000213e+01
1.200000000000000000e+02 2.040000000000000213e+01
1.120000000000000000e+02 2.115000000000000213e+01
1.040000000000000000e+02 2.240000000000000213e+01
1.200000000000000000e+02 2.269999999999999929e+01
1.040000000000000000e+02 1.110000000000000000e+02
1.200000000000000000e+02 5.080500000000000114e+02
1.120000000000000000e+02 5.701000000000000227e+02
1.200000000000000000e+02 6.448500000000000227e+02
1.040000000000000000e+02 7.353000000000000682e+02
1.200000000000000000e+02 8.253000000000000682e+02
1.200000000000000000e+02 3.079400000000000091e+03
1.120000000000000000e+02 3.874550000000000182e+03
1.200000000000000000e+02 3.908550000000000182e+03
1.200000000000000000e+02 4.251449999999999818e+03
1.040000000000000000e+02 5.224100000000000364e+03
1.200000000000000000e+02 5.848050000000000182e+03
1.050000000000000000e+02 1.794999999999999929e+01
1.130000000000000000e+02 1.805000000000000071e+01
1.050000000000000000e+02 2.030000000000000071e+01
1.130000000000000000e+02 2.044999999999999929e+01
1.050000000000000000e+02 2.255000000000000071e+01
1.130000000000000000e+02 1.811750000000000000e+03
1.050000000000000000e+02 2.230349999999999909e+03
1.130000000000000000e+02 2.836900000000000091e+03
1.050000000000000000e+02 3.577400000000000091e+03
1.050000000000000000e+02 4.436050000000000182e+03
1.050000000000000000e+02 4.658550000000000182e+03
1.130000000000000000e+02 7.829250000000000000e+03
1.060000000000000000e+02 1.815000000000000213e+01
1.140000000000000000e+02 1.830000000000000071e+01
1.060000000000000000e+02 2.125000000000000000e+01
1.140000000000000000e+02 2.140000000000000213e+01
1.140000000000000000e+02 1.518499999999999943e+02
1.060000000000000000e+02 2.803000000000000114e+02
1.140000000000000000e+02 7.321499999999999773e+02
1.060000000000000000e+02 2.201200000000000273e+03
1.060000000000000000e+02 2.794250000000000000e+03
1.060000000000000000e+02 2.934250000000000000e+03
1.060000000000000000e+02 3.577500000000000000e+03
1.140000000000000000e+02 5.507050000000000182e+03
1.060000000000000000e+02 6.795000000000000000e+03
1.060000000000000000e+02 7.708500000000000000e+03
1.070000000000000000e+02 1.790000000000000213e+01
1.150000000000000000e+02 1.800000000000000000e+01
1.070000000000000000e+02 2.025000000000000000e+01
1.150000000000000000e+02 2.035000000000000142e+01
1.070000000000000000e+02 2.250000000000000000e+01
1.150000000000000000e+02 2.260000000000000142e+01
1.070000000000000000e+02 1.117999999999999972e+02
1.150000000000000000e+02 1.534500000000000171e+02
1.070000000000000000e+02 5.803500000000000227e+02
1.070000000000000000e+02 9.678500000000000227e+02
1.150000000000000000e+02 1.080549999999999955e+03
1.070000000000000000e+02 1.209400000000000091e+03
1.150000000000000000e+02 1.632150000000000091e+03
1.070000000000000000e+02 2.104650000000000091e+03
1.070000000000000000e+02 3.454750000000000000e+03
1.070000000000000000e+02 3.906599999999999909e+03
1.150000000000000000e+02 4.648650000000000546e+03
1.070000000000000000e+02 6.785150000000000546e+03
1.080000000000000000e+02 1.800000000000000000e+01
1.160000000000000000e+02 1.794999999999999929e+01
1.160000000000000000e+02 2.030000000000000071e+01
1.080000000000000000e+02 2.035000000000000142e+01
1.080000000000000000e+02 2.260000000000000142e+01
1.160000000000000000e+02 2.255000000000000071e+01
1.160000000000000000e+02 1.980000000000000000e+02
1.160000000000000000e+02 6.145500000000000682e+02
1.080000000000000000e+02 6.806499999999999773e+02
1.080000000000000000e+02 1.486200000000000045e+03
1.160000000000000000e+02 1.810000000000000000e+03
1.160000000000000000e+02 2.300750000000000000e+03
1.080000000000000000e+02 3.228650000000000091e+03
1.080000000000000000e+02 3.496700000000000273e+03
1.160000000000000000e+02 3.638450000000000273e+03
1.080000000000000000e+02 4.344800000000000182e+03
1.160000000000000000e+02 4.362850000000000364e+03
1.080000000000000000e+02 4.890800000000000182e+03
1.160000000000000000e+02 6.857000000000000000e+03
1.160000000000000000e+02 7.150000000000000000e+03
1.080000000000000000e+02 7.225100000000000364e+03
1.160000000000000000e+02 7.304550000000000182e+03
1.160000000000000000e+02 7.663150000000000546e+03
1.010000000000000000e+02 1.790000000000000213e+01
1.090000000000000000e+02 1.805000000000000071e+01
1.170000000000000000e+02 1.815000000000000213e+01
1.010000000000000000e+02 2.025000000000000000e+01
1.090000000000000000e+02 2.044999999999999929e+01
1.170000000000000000e+02 2.069999999999999929e+01
1.010000000000000000e+02 2.250000000000000000e+01
1.090000000000000000e+02 1.119000000000000057e+02
1.010000000000000000e+02 3.733000000000000114e+02
1.010000000000000000e+02 1.472400000000000091e+03
1.090000000000000000e+02 2.189200000000000273e+03
1.010000000000000000e+02 2.484099999999999909e+03
1.010000000000000000e+02 2.941650000000000091e+03
1.170000000000000000e+02 3.399000000000000000e+03
1.010000000000000000e+02 3.905349999999999909e+03
1.090000000000000000e+02 4.086300000000000182e+03
1.090000000000000000e+02 4.177449999999999818e+03
1.010000000000000000e+02 4.391300000000000182e+03
1.170000000000000000e+02 4.549449999999999818e+03
1.090000000000000000e+02 4.704150000000000546e+03
1.010000000000000000e+02 4.938150000000000546e+03
1.010000000000000000e+02 5.696400000000000546e+03
1.170000000000000000e+02 6.102750000000000000e+03
1.090000000000000000e+02 6.389550000000000182e+03
1.010000000000000000e+02 7.175850000000000364e+03
1.010000000000000000e+02 7.653100000000000364e+03
1.020000000000000000e+02 1.810000000000000142e+01
1.100000000000000000e+02 1.810000000000000142e+01
1.180000000000000000e+02 1.815000000000000213e+01
1.020000000000000000e+02 2.050000000000000000e+01
1.100000000000000000e+02 2.060000000000000142e+01
1.180000000000000000e+02 2.094999999999999929e+01
1.020000000000000000e+02 7.966499999999999773e+02
1.180000000000000000e+02 7.988000000000000682e+02
1.100000000000000000e+02 9.488999999999999773e+02
1.020000000000000000e+02 1.548150000000000091e+03
1.020000000000000000e+02 1.636450000000000045e+03
1.180000000000000000e+02 1.657549999999999955e+03
1.020000000000000000e+02 2.307599999999999909e+03
1.100000000000000000e+02 3.232349999999999909e+03
1.100000000000000000e+02 3.400750000000000000e+03
1.100000000000000000e+02 3.586550000000000182e+03
1.180000000000000000e+02 3.684800000000000182e+03
1.100000000000000000e+02 5.696300000000000182e+03
1.180000000000000000e+02 6.589650000000000546e+03
1.020000000000000000e+02 6.655650000000000546e+03
1.100000000000000000e+02 7.037050000000000182e+03
1.180000000000000000e+02 7.187650000000000546e+03
1.180000000000000000e+02 7.427550000000000182e+03
1.110000000000000000e+02 1.810000000000000142e+01
1.030000000000000000e+02 1.819999999999999929e+01
1.190000000000000000e+02 1.825000000000000000e+01
1.110000000000000000e+02 2.055000000000000071e+01
1.030000000000000000e+02 2.130000000000000071e+01
1.190000000000000000e+02 2.150000000000000000e+01
1.030000000000000000e+02 1.625000000000000000e+02
1.030000000000000000e+02 1.120549999999999955e+03
1.190000000000000000e+02 1.553950000000000045e+03
1.110000000000000000e+02 2.620349999999999909e+03
1.030000000000000000e+02 2.971500000000000000e+03
1.110000000000000000e+02 3.077200000000000273e+03
1.030000000000000000e+02 3.918700000000000273e+03
1.030000000000000000e+02 5.817750000000000000e+03
1.190000000000000000e+02 6.071100000000000364e+03
1.110000000000000000e+02 6.127050000000000182e+03
1.190000000000000000e+02 6.177500000000000000e+03
1.110000000000000000e+02 6.306350000000000364e+03
1.190000000000000000e+02 6.851800000000000182e+03
1.030000000000000000e+02 7.132300000000000182e+03
1.030000000000000000e+02 7.343100000000000364e+03
1.030000000000000000e+02 7.824199999999999818e+03
