3.200000000000000000e+01 1.369500000000000000e+03
4.000000000000000000e+01 1.851950000000000045e+03
3.200000000000000000e+01 2.916099999999999909e+03
3.200000000000000000e+01 2.976300000000000182e+03
4.000000000000000000e+01 2.978050000000000182e+03
4.000000000000000000e+01 3.571599999999999909e+03
3.200000000000000000e+01 3.933099999999999909e+03
4.000000000000000000e+01 4.706150000000000546e+03
2.400000000000000000e+01 4.798250000000000000e+03
4.000000000000000000e+01 5.044699999999999818e+03
4.000000000000000000e+01 5.373000000000000000e+03
4.000000000000000000e+01 5.513250000000000000e+03
3.200000000000000000e+01 5.647050000000000182e+03
2.400000000000000000e+01 5.732550000000000182e+03
3.200000000000000000e+01 5.763150000000000546e+03
3.200000000000000000e+01 6.062100000000000364e+03
4.000000000000000000e+01 6.158500000000000000e+03
2.400000000000000000e+01 6.178100000000000364e+03
4.000000000000000000e+01 6.263250000000000000e+03
3.200000000000000000e+01 6.490900000000000546e+03
3.200000000000000000e+01 7.002350000000000364e+03
2.400000000000000000e+01 7.165600000000000364e+03
2.400000000000000000e+01 7.240800000000000182e+03
4.000000000000000000e+01 7.321199999999999818e+03
2.400000000000000000e+01 7.469500000000000000e+03
2.400000000000000000e+01 7.495800000000000182e+03
3.200000000000000000e+01 7.546850000000000364e+03
4.000000000000000000e+01 7.631850000000000364e+03
2.400000000000000000e+01 7.732000000000000000e+03
3.300000000000000000e+01 6.983000000000000682e+02
3.300000000000000000e+01 1.485549999999999955e+03
3.300000000000000000e+01 1.718299999999999955e+03
3.300000000000000000e+01 2.073099999999999909e+03
2.500000000000000000e+01 2.186150000000000091e+03
3.300000000000000000e+01 2.217450000000000273e+03
2.500000000000000000e+01 4.613100000000000364e+03
2.500000000000000000e+01 5.377600000000000364e+03
2.500000000000000000e+01 5.618500000000000000e+03
2.500000000000000000e+01 5.994199999999999818e+03
2.500000000000000000e+01 6.221500000000000000e+03
3.300000000000000000e+01 6.863550000000000182e+03
3.300000000000000000e+01 6.935750000000000000e+03
2.500000000000000000e+01 7.418500000000000000e+03
3.300000000000000000e+01 7.765449999999999818e+03
2.500000000000000000e+01 7.848199999999999818e+03
3.300000000000000000e+01 7.899949999999999818e+03
2.600000000000000000e+01 2.278499999999999943e+02
3.400000000000000000e+01 1.636500000000000000e+03
3.400000000000000000e+01 4.214199999999999818e+03
3.400000000000000000e+01 4.340800000000000182e+03
2.600000000000000000e+01 4.440300000000000182e+03
2.600000000000000000e+01 4.645550000000000182e+03
3.400000000000000000e+01 4.888350000000000364e+03
2.600000000000000000e+01 6.161800000000000182e+03
3.400000000000000000e+01 6.686550000000000182e+03
2.600000000000000000e+01 7.242199999999999818e+03
3.400000000000000000e+01 7.475100000000000364e+03
3.400000000000000000e+01 7.627150000000000546e+03
3.400000000000000000e+01 7.993800000000000182e+03
2.700000000000000000e+01 1.432500000000000000e+03
2.700000000000000000e+01 1.787299999999999955e+03
3.500000000000000000e+01 2.567700000000000273e+03
2.700000000000000000e+01 2.879900000000000091e+03
3.500000000000000000e+01 3.280000000000000000e+03
2.700000000000000000e+01 3.303050000000000182e+03
3.500000000000000000e+01 3.526000000000000000e+03
2.700000000000000000e+01 3.752300000000000182e+03
3.500000000000000000e+01 3.941650000000000091e+03
2.700000000000000000e+01 4.537300000000000182e+03
2.700000000000000000e+01 4.664100000000000364e+03
3.500000000000000000e+01 4.741750000000000000e+03
2.700000000000000000e+01 4.929250000000000000e+03
3.500000000000000000e+01 4.934400000000000546e+03
3.500000000000000000e+01 5.159949999999999818e+03
3.500000000000000000e+01 5.515300000000000182e+03
3.500000000000000000e+01 5.593100000000000364e+03
3.500000000000000000e+01 6.377750000000000000e+03
3.500000000000000000e+01 6.790900000000000546e+03
3.500000000000000000e+01 7.163600000000000364e+03
2.700000000000000000e+01 7.179100000000000364e+03
2.700000000000000000e+01 7.245750000000000000e+03
3.500000000000000000e+01 7.670050000000000182e+03
2.800000000000000000e+01 5.955500000000000682e+02
2.800000000000000000e+01 1.786000000000000000e+03
3.600000000000000000e+01 2.332700000000000273e+03
2.800000000000000000e+01 3.540599999999999909e+03
2.800000000000000000e+01 3.837349999999999909e+03
2.800000000000000000e+01 3.860150000000000091e+03
2.800000000000000000e+01 4.244199999999999818e+03
3.600000000000000000e+01 4.488350000000000364e+03
2.800000000000000000e+01 4.549949999999999818e+03
2.800000000000000000e+01 5.606199999999999818e+03
2.800000000000000000e+01 5.692250000000000000e+03
3.600000000000000000e+01 5.858150000000000546e+03
2.800000000000000000e+01 6.126300000000000182e+03
2.800000000000000000e+01 6.151850000000000364e+03
3.600000000000000000e+01 6.337850000000000364e+03
3.600000000000000000e+01 7.226449999999999818e+03
2.800000000000000000e+01 7.732500000000000000e+03
3.600000000000000000e+01 7.760500000000000000e+03
2.800000000000000000e+01 7.770949999999999818e+03
2.100000000000000000e+01 8.491000000000000227e+02
2.100000000000000000e+01 1.488900000000000091e+03
3.700000000000000000e+01 1.736150000000000091e+03
2.900000000000000000e+01 1.848500000000000000e+03
2.100000000000000000e+01 2.877300000000000182e+03
2.900000000000000000e+01 3.303000000000000000e+03
3.700000000000000000e+01 4.407350000000000364e+03
3.700000000000000000e+01 4.611550000000000182e+03
2.100000000000000000e+01 4.736900000000000546e+03
3.700000000000000000e+01 4.798250000000000000e+03
3.700000000000000000e+01 5.285500000000000000e+03
2.100000000000000000e+01 5.414699999999999818e+03
2.100000000000000000e+01 5.447750000000000000e+03
2.900000000000000000e+01 5.598150000000000546e+03
2.100000000000000000e+01 5.891850000000000364e+03
3.700000000000000000e+01 6.217350000000000364e+03
3.700000000000000000e+01 6.393449999999999818e+03
2.100000000000000000e+01 6.430400000000000546e+03
2.900000000000000000e+01 6.861199999999999818e+03
2.100000000000000000e+01 7.061550000000000182e+03
2.900000000000000000e+01 7.086650000000000546e+03
2.100000000000000000e+01 7.140900000000000546e+03
2.900000000000000000e+01 7.196500000000000000e+03
2.100000000000000000e+01 7.509850000000000364e+03
2.900000000000000000e+01 7.516699999999999818e+03
2.900000000000000000e+01 7.545750000000000000e+03
2.100000000000000000e+01 7.575449999999999818e+03
2.900000000000000000e+01 7.764100000000000364e+03
2.900000000000000000e+01 7.897400000000000546e+03
2.900000000000000000e+01 7.991350000000000364e+03
2.200000000000000000e+01 2.449500000000000171e+02
3.000000000000000000e+01 1.095799999999999955e+03
3.800000000000000000e+01 1.481200000000000045e+03
3.800000000000000000e+01 1.745350000000000136e+03
3.000000000000000000e+01 1.794450000000000045e+03
3.800000000000000000e+01 2.200050000000000182e+03
3.000000000000000000e+01 2.969450000000000273e+03
3.000000000000000000e+01 3.170599999999999909e+03
3.800000000000000000e+01 3.951250000000000000e+03
3.800000000000000000e+01 4.198850000000000364e+03
2.200000000000000000e+01 4.428650000000000546e+03
3.000000000000000000e+01 4.554449999999999818e+03
2.200000000000000000e+01 4.579850000000000364e+03
3.800000000000000000e+01 4.625100000000000364e+03
2.200000000000000000e+01 4.800350000000000364e+03
3.000000000000000000e+01 4.933850000000000364e+03
3.000000000000000000e+01 5.105900000000000546e+03
3.000000000000000000e+01 5.211449999999999818e+03
2.200000000000000000e+01 5.241449999999999818e+03
2.200000000000000000e+01 5.586699999999999818e+03
3.000000000000000000e+01 5.608449999999999818e+03
3.000000000000000000e+01 6.726900000000000546e+03
2.200000000000000000e+01 6.741500000000000000e+03
3.000000000000000000e+01 7.063100000000000364e+03
3.800000000000000000e+01 7.440600000000000364e+03
3.000000000000000000e+01 7.549050000000000182e+03
2.200000000000000000e+01 7.722600000000000364e+03
3.800000000000000000e+01 7.824850000000000364e+03
3.000000000000000000e+01 7.840800000000000182e+03
3.900000000000000000e+01 6.940000000000000568e+01
3.100000000000000000e+01 1.137650000000000091e+03
2.300000000000000000e+01 2.064150000000000091e+03
3.100000000000000000e+01 2.473099999999999909e+03
3.900000000000000000e+01 2.670300000000000182e+03
2.300000000000000000e+01 2.876400000000000091e+03
2.300000000000000000e+01 2.991750000000000000e+03
3.900000000000000000e+01 3.261550000000000182e+03
2.300000000000000000e+01 3.527950000000000273e+03
3.900000000000000000e+01 3.689300000000000182e+03
2.300000000000000000e+01 3.939900000000000091e+03
2.300000000000000000e+01 4.409900000000000546e+03
3.900000000000000000e+01 4.427600000000000364e+03
3.900000000000000000e+01 4.650150000000000546e+03
3.100000000000000000e+01 4.809199999999999818e+03
3.100000000000000000e+01 5.801949999999999818e+03
3.100000000000000000e+01 5.914500000000000000e+03
2.300000000000000000e+01 5.987650000000000546e+03
2.300000000000000000e+01 6.071850000000000364e+03
3.100000000000000000e+01 6.094699999999999818e+03
3.900000000000000000e+01 6.101449999999999818e+03
2.300000000000000000e+01 6.135100000000000364e+03
3.100000000000000000e+01 6.670199999999999818e+03
3.100000000000000000e+01 7.494600000000000364e+03
3.100000000000000000e+01 7.580000000000000000e+03
3.100000000000000000e+01 7.856600000000000364e+03
