5.600000000000000000e+01 1.140100000000000136e+03
5.600000000000000000e+01 2.163400000000000091e+03
4.800000000000000000e+01 3.300750000000000000e+03
4.800000000000000000e+01 3.834200000000000273e+03
5.600000000000000000e+01 4.301850000000000364e+03
5.600000000000000000e+01 4.542449999999999818e+03
5.600000000000000000e+01 4.900850000000000364e+03
4.800000000000000000e+01 5.160900000000000546e+03
4.800000000000000000e+01 5.682600000000000364e+03
5.600000000000000000e+01 6.168900000000000546e+03
5.600000000000000000e+01 6.238000000000000000e+03
4.800000000000000000e+01 6.649500000000000000e+03
4.800000000000000000e+01 7.165300000000000182e+03
5.600000000000000000e+01 7.785850000000000364e+03
4.900000000000000000e+01 6.158500000000000227e+02
4.100000000000000000e+01 8.183500000000000227e+02
5.700000000000000000e+01 1.193400000000000091e+03
4.900000000000000000e+01 1.207650000000000091e+03
4.100000000000000000e+01 1.793100000000000136e+03
5.700000000000000000e+01 2.125349999999999909e+03
4.900000000000000000e+01 2.135250000000000000e+03
4.100000000000000000e+01 2.386599999999999909e+03
5.700000000000000000e+01 3.131200000000000273e+03
4.100000000000000000e+01 3.281200000000000273e+03
4.100000000000000000e+01 3.559599999999999909e+03
4.100000000000000000e+01 3.596150000000000091e+03
4.900000000000000000e+01 3.662950000000000273e+03
5.700000000000000000e+01 3.711250000000000000e+03
5.700000000000000000e+01 4.124100000000000364e+03
5.700000000000000000e+01 4.468199999999999818e+03
4.100000000000000000e+01 4.497199999999999818e+03
4.900000000000000000e+01 4.524250000000000000e+03
4.900000000000000000e+01 4.679750000000000000e+03
5.700000000000000000e+01 4.727300000000000182e+03
4.100000000000000000e+01 4.812300000000000182e+03
5.700000000000000000e+01 4.825850000000000364e+03
5.700000000000000000e+01 4.993550000000000182e+03
4.900000000000000000e+01 5.081850000000000364e+03
4.100000000000000000e+01 5.883800000000000182e+03
5.700000000000000000e+01 5.994300000000000182e+03
4.900000000000000000e+01 6.099699999999999818e+03
5.700000000000000000e+01 6.363699999999999818e+03
5.700000000000000000e+01 6.774350000000000364e+03
5.700000000000000000e+01 6.870100000000000364e+03
4.100000000000000000e+01 6.955350000000000364e+03
4.100000000000000000e+01 7.083850000000000364e+03
5.700000000000000000e+01 7.272050000000000182e+03
4.900000000000000000e+01 7.380100000000000364e+03
4.100000000000000000e+01 7.914550000000000182e+03
4.900000000000000000e+01 7.923000000000000000e+03
5.000000000000000000e+01 7.417500000000000000e+02
5.800000000000000000e+01 1.219750000000000000e+03
5.800000000000000000e+01 1.678900000000000091e+03
5.800000000000000000e+01 1.945450000000000045e+03
5.000000000000000000e+01 2.380000000000000000e+03
5.800000000000000000e+01 3.105900000000000091e+03
5.000000000000000000e+01 3.276599999999999909e+03
4.200000000000000000e+01 3.377800000000000182e+03
5.000000000000000000e+01 3.382550000000000182e+03
5.000000000000000000e+01 3.399000000000000000e+03
4.200000000000000000e+01 3.943349999999999909e+03
5.800000000000000000e+01 4.115399999999999636e+03
4.200000000000000000e+01 4.134750000000000000e+03
5.000000000000000000e+01 4.301850000000000364e+03
4.200000000000000000e+01 4.419900000000000546e+03
5.800000000000000000e+01 4.436650000000000546e+03
5.800000000000000000e+01 4.486050000000000182e+03
5.000000000000000000e+01 4.525250000000000000e+03
4.200000000000000000e+01 4.541850000000000364e+03
5.800000000000000000e+01 4.659449999999999818e+03
4.200000000000000000e+01 4.698350000000000364e+03
4.200000000000000000e+01 5.149850000000000364e+03
5.000000000000000000e+01 5.160199999999999818e+03
5.000000000000000000e+01 5.175400000000000546e+03
4.200000000000000000e+01 5.258699999999999818e+03
5.000000000000000000e+01 5.867250000000000000e+03
4.200000000000000000e+01 5.995500000000000000e+03
5.800000000000000000e+01 6.103600000000000364e+03
5.800000000000000000e+01 6.776150000000000546e+03
5.000000000000000000e+01 6.922500000000000000e+03
5.000000000000000000e+01 7.165199999999999818e+03
5.800000000000000000e+01 7.298449999999999818e+03
5.800000000000000000e+01 7.473100000000000364e+03
5.800000000000000000e+01 7.818050000000000182e+03
5.000000000000000000e+01 7.981900000000000546e+03
5.100000000000000000e+01 9.156499999999999773e+02
4.300000000000000000e+01 1.531049999999999955e+03
4.300000000000000000e+01 1.817150000000000091e+03
5.900000000000000000e+01 1.992600000000000136e+03
4.300000000000000000e+01 2.348250000000000000e+03
5.100000000000000000e+01 2.382700000000000273e+03
5.900000000000000000e+01 2.860349999999999909e+03
4.300000000000000000e+01 3.071550000000000182e+03
5.900000000000000000e+01 3.107700000000000273e+03
4.300000000000000000e+01 3.932900000000000091e+03
5.100000000000000000e+01 4.038000000000000000e+03
5.900000000000000000e+01 4.144100000000000364e+03
4.300000000000000000e+01 4.162250000000000000e+03
4.300000000000000000e+01 4.577750000000000000e+03
5.100000000000000000e+01 5.194400000000000546e+03
5.100000000000000000e+01 5.273199999999999818e+03
5.900000000000000000e+01 6.095750000000000000e+03
5.900000000000000000e+01 6.587850000000000364e+03
5.100000000000000000e+01 6.625150000000000546e+03
5.900000000000000000e+01 6.632300000000000182e+03
5.100000000000000000e+01 7.180100000000000364e+03
4.300000000000000000e+01 7.252199999999999818e+03
5.900000000000000000e+01 7.275900000000000546e+03
5.900000000000000000e+01 7.498449999999999818e+03
4.300000000000000000e+01 7.503400000000000546e+03
5.100000000000000000e+01 7.823449999999999818e+03
5.900000000000000000e+01 7.893300000000000182e+03
5.900000000000000000e+01 7.920300000000000182e+03
6.000000000000000000e+01 5.898999999999999773e+02
5.200000000000000000e+01 6.409500000000000455e+02
6.000000000000000000e+01 9.162500000000000000e+02
6.000000000000000000e+01 9.598999999999999773e+02
5.200000000000000000e+01 2.569849999999999909e+03
5.200000000000000000e+01 3.144349999999999909e+03
6.000000000000000000e+01 3.415300000000000182e+03
6.000000000000000000e+01 3.781200000000000273e+03
4.400000000000000000e+01 3.799050000000000182e+03
5.200000000000000000e+01 4.034200000000000273e+03
4.400000000000000000e+01 4.161600000000000364e+03
4.400000000000000000e+01 4.267899999999999636e+03
6.000000000000000000e+01 4.532949999999999818e+03
5.200000000000000000e+01 4.904050000000000182e+03
4.400000000000000000e+01 4.996150000000000546e+03
6.000000000000000000e+01 5.087150000000000546e+03
4.400000000000000000e+01 5.270850000000000364e+03
6.000000000000000000e+01 5.410949999999999818e+03
6.000000000000000000e+01 5.538300000000000182e+03
5.200000000000000000e+01 5.859800000000000182e+03
6.000000000000000000e+01 5.869550000000000182e+03
6.000000000000000000e+01 6.096900000000000546e+03
5.200000000000000000e+01 6.446199999999999818e+03
4.400000000000000000e+01 6.449449999999999818e+03
4.400000000000000000e+01 6.644850000000000364e+03
5.200000000000000000e+01 6.657100000000000364e+03
5.200000000000000000e+01 6.899500000000000000e+03
6.000000000000000000e+01 6.975300000000000182e+03
5.200000000000000000e+01 7.264800000000000182e+03
4.400000000000000000e+01 7.270650000000000546e+03
4.400000000000000000e+01 7.500350000000000364e+03
6.000000000000000000e+01 7.912650000000000546e+03
6.000000000000000000e+01 7.987150000000000546e+03
5.300000000000000000e+01 2.043499999999999943e+02
5.300000000000000000e+01 1.441650000000000091e+03
5.300000000000000000e+01 1.668200000000000045e+03
5.300000000000000000e+01 1.807750000000000000e+03
5.300000000000000000e+01 2.912400000000000091e+03
4.500000000000000000e+01 3.071099999999999909e+03
4.500000000000000000e+01 3.129750000000000000e+03
4.500000000000000000e+01 3.472349999999999909e+03
5.300000000000000000e+01 4.160850000000000364e+03
5.300000000000000000e+01 4.263300000000000182e+03
4.500000000000000000e+01 4.465250000000000000e+03
5.300000000000000000e+01 5.257750000000000000e+03
5.300000000000000000e+01 5.869449999999999818e+03
5.300000000000000000e+01 6.167650000000000546e+03
4.500000000000000000e+01 6.376199999999999818e+03
4.500000000000000000e+01 6.598800000000000182e+03
5.300000000000000000e+01 6.640300000000000182e+03
4.500000000000000000e+01 6.643800000000000182e+03
5.300000000000000000e+01 6.669449999999999818e+03
4.500000000000000000e+01 6.949850000000000364e+03
4.500000000000000000e+01 7.124300000000000182e+03
5.300000000000000000e+01 7.267150000000000546e+03
5.300000000000000000e+01 7.323600000000000364e+03
5.300000000000000000e+01 7.499300000000000182e+03
4.500000000000000000e+01 7.910900000000000546e+03
5.400000000000000000e+01 2.922500000000000000e+02
5.400000000000000000e+01 1.572299999999999955e+03
5.400000000000000000e+01 1.931750000000000000e+03
4.600000000000000000e+01 1.942200000000000045e+03
4.600000000000000000e+01 2.124750000000000000e+03
5.400000000000000000e+01 2.153599999999999909e+03
5.400000000000000000e+01 3.298450000000000273e+03
4.600000000000000000e+01 3.562950000000000273e+03
5.400000000000000000e+01 3.834500000000000000e+03
5.400000000000000000e+01 4.028349999999999909e+03
5.400000000000000000e+01 4.188199999999999818e+03
4.600000000000000000e+01 4.442600000000000364e+03
5.400000000000000000e+01 4.445350000000000364e+03
4.600000000000000000e+01 4.982350000000000364e+03
4.600000000000000000e+01 5.078000000000000000e+03
5.400000000000000000e+01 5.154699999999999818e+03
5.400000000000000000e+01 5.416900000000000546e+03
5.400000000000000000e+01 5.510350000000000364e+03
5.400000000000000000e+01 5.722300000000000182e+03
5.400000000000000000e+01 5.782150000000000546e+03
5.400000000000000000e+01 5.888750000000000000e+03
5.400000000000000000e+01 5.996550000000000182e+03
4.600000000000000000e+01 6.100750000000000000e+03
5.400000000000000000e+01 6.645750000000000000e+03
4.600000000000000000e+01 6.647800000000000182e+03
5.400000000000000000e+01 6.992000000000000000e+03
4.600000000000000000e+01 7.167199999999999818e+03
5.400000000000000000e+01 7.253500000000000000e+03
4.600000000000000000e+01 7.411900000000000546e+03
5.400000000000000000e+01 7.896750000000000000e+03
5.500000000000000000e+01 4.919499999999999886e+02
5.500000000000000000e+01 1.799000000000000000e+03
5.500000000000000000e+01 2.312700000000000273e+03
4.700000000000000000e+01 2.367700000000000273e+03
5.500000000000000000e+01 3.430900000000000091e+03
4.700000000000000000e+01 3.562150000000000091e+03
5.500000000000000000e+01 4.160000000000000000e+03
4.700000000000000000e+01 4.540750000000000000e+03
4.700000000000000000e+01 4.747600000000000364e+03
5.500000000000000000e+01 5.172750000000000000e+03
4.700000000000000000e+01 5.541800000000000182e+03
4.700000000000000000e+01 5.754050000000000182e+03
4.700000000000000000e+01 5.873699999999999818e+03
4.700000000000000000e+01 6.595949999999999818e+03
5.500000000000000000e+01 6.664400000000000546e+03
5.500000000000000000e+01 6.988900000000000546e+03
4.700000000000000000e+01 7.279199999999999818e+03
4.700000000000000000e+01 7.660600000000000364e+03
5.500000000000000000e+01 7.702050000000000182e+03
4.700000000000000000e+01 7.718400000000000546e+03
