3.200000000000000000e+01 1.369500000000000000e+03
4.000000000000000000e+01 1.851950000000000045e+03
3.200000000000000000e+01 2.916099999999999909e+03
3.200000000000000000e+01 2.976300000000000182e+03
4.000000000000000000e+01 2.978050000000000182e+03
2.400000000000000000e+01 3.410050000000000182e+03
2.400000000000000000e+01 3.700200000000000273e+03
4.000000000000000000e+01 3.769200000000000273e+03
2.400000000000000000e+01 3.873150000000000091e+03
3.200000000000000000e+01 3.882500000000000000e+03
3.200000000000000000e+01 3.965450000000000273e+03
2.400000000000000000e+01 4.341050000000000182e+03
4.000000000000000000e+01 4.888250000000000000e+03
2.400000000000000000e+01 5.017850000000000364e+03
2.400000000000000000e+01 5.745000000000000000e+03
4.000000000000000000e+01 5.843550000000000182e+03
4.000000000000000000e+01 5.942949999999999818e+03
2.400000000000000000e+01 6.225699999999999818e+03
2.400000000000000000e+01 6.534150000000000546e+03
4.000000000000000000e+01 6.594449999999999818e+03
3.200000000000000000e+01 6.622300000000000182e+03
2.400000000000000000e+01 6.849600000000000364e+03
4.000000000000000000e+01 6.995150000000000546e+03
2.400000000000000000e+01 7.049000000000000000e+03
2.400000000000000000e+01 7.214850000000000364e+03
4.000000000000000000e+01 7.321199999999999818e+03
3.200000000000000000e+01 7.398650000000000546e+03
4.000000000000000000e+01 7.475900000000000546e+03
3.200000000000000000e+01 7.512449999999999818e+03
4.000000000000000000e+01 7.612699999999999818e+03
2.400000000000000000e+01 7.881650000000000546e+03
3.200000000000000000e+01 7.902949999999999818e+03
4.000000000000000000e+01 7.949500000000000000e+03
3.300000000000000000e+01 6.983000000000000682e+02
3.300000000000000000e+01 1.485549999999999955e+03
3.300000000000000000e+01 1.718299999999999955e+03
3.300000000000000000e+01 2.073099999999999909e+03
2.500000000000000000e+01 2.186150000000000091e+03
3.300000000000000000e+01 2.217450000000000273e+03
2.500000000000000000e+01 3.604700000000000273e+03
3.300000000000000000e+01 3.958800000000000182e+03
3.300000000000000000e+01 4.169500000000000000e+03
3.300000000000000000e+01 4.741500000000000000e+03
2.500000000000000000e+01 5.464850000000000364e+03
3.300000000000000000e+01 5.492500000000000000e+03
2.500000000000000000e+01 5.562100000000000364e+03
3.300000000000000000e+01 5.859699999999999818e+03
3.300000000000000000e+01 6.069550000000000182e+03
2.500000000000000000e+01 6.073650000000000546e+03
2.500000000000000000e+01 6.190800000000000182e+03
3.300000000000000000e+01 6.365050000000000182e+03
2.500000000000000000e+01 6.481650000000000546e+03
3.300000000000000000e+01 6.974500000000000000e+03
3.300000000000000000e+01 7.075449999999999818e+03
2.500000000000000000e+01 7.083500000000000000e+03
3.300000000000000000e+01 7.274050000000000182e+03
3.300000000000000000e+01 7.416250000000000000e+03
2.500000000000000000e+01 7.787150000000000546e+03
3.300000000000000000e+01 7.996000000000000000e+03
2.600000000000000000e+01 2.278499999999999943e+02
3.400000000000000000e+01 1.636500000000000000e+03
3.400000000000000000e+01 3.960849999999999909e+03
2.600000000000000000e+01 3.973050000000000182e+03
3.400000000000000000e+01 4.612949999999999818e+03
2.600000000000000000e+01 5.028000000000000000e+03
2.600000000000000000e+01 5.605300000000000182e+03
2.600000000000000000e+01 5.657900000000000546e+03
2.600000000000000000e+01 5.957650000000000546e+03
3.400000000000000000e+01 6.145400000000000546e+03
2.600000000000000000e+01 6.212750000000000000e+03
3.400000000000000000e+01 6.246900000000000546e+03
2.600000000000000000e+01 6.538800000000000182e+03
3.400000000000000000e+01 6.743449999999999818e+03
2.600000000000000000e+01 7.389150000000000546e+03
3.400000000000000000e+01 7.392050000000000182e+03
3.400000000000000000e+01 7.513250000000000000e+03
3.400000000000000000e+01 7.807850000000000364e+03
3.400000000000000000e+01 7.846100000000000364e+03
2.600000000000000000e+01 7.860750000000000000e+03
2.600000000000000000e+01 7.884150000000000546e+03
3.400000000000000000e+01 7.886900000000000546e+03
2.700000000000000000e+01 1.432500000000000000e+03
2.700000000000000000e+01 1.787299999999999955e+03
3.500000000000000000e+01 2.567700000000000273e+03
2.700000000000000000e+01 2.879900000000000091e+03
3.500000000000000000e+01 3.280000000000000000e+03
2.700000000000000000e+01 3.728250000000000000e+03
3.500000000000000000e+01 3.850800000000000182e+03
3.500000000000000000e+01 4.217100000000000364e+03
3.500000000000000000e+01 4.339350000000000364e+03
3.500000000000000000e+01 5.011500000000000000e+03
3.500000000000000000e+01 5.565199999999999818e+03
2.700000000000000000e+01 5.816199999999999818e+03
2.700000000000000000e+01 6.631650000000000546e+03
3.500000000000000000e+01 6.721750000000000000e+03
2.700000000000000000e+01 6.860300000000000182e+03
2.700000000000000000e+01 6.900100000000000364e+03
2.700000000000000000e+01 7.342199999999999818e+03
2.700000000000000000e+01 7.480050000000000182e+03
3.500000000000000000e+01 7.498449999999999818e+03
2.700000000000000000e+01 7.571000000000000000e+03
3.500000000000000000e+01 7.878400000000000546e+03
2.800000000000000000e+01 5.955500000000000682e+02
2.800000000000000000e+01 1.786000000000000000e+03
3.600000000000000000e+01 2.332700000000000273e+03
2.800000000000000000e+01 3.422000000000000000e+03
3.600000000000000000e+01 3.587500000000000000e+03
2.800000000000000000e+01 3.744900000000000091e+03
2.800000000000000000e+01 3.838599999999999909e+03
3.600000000000000000e+01 3.881150000000000091e+03
2.800000000000000000e+01 3.949250000000000000e+03
3.600000000000000000e+01 3.964599999999999909e+03
2.800000000000000000e+01 4.010200000000000273e+03
3.600000000000000000e+01 4.342300000000000182e+03
2.800000000000000000e+01 5.026750000000000000e+03
3.600000000000000000e+01 5.217449999999999818e+03
3.600000000000000000e+01 5.823449999999999818e+03
2.800000000000000000e+01 5.879550000000000182e+03
3.600000000000000000e+01 6.224150000000000546e+03
2.800000000000000000e+01 6.231100000000000364e+03
2.800000000000000000e+01 6.518500000000000000e+03
3.600000000000000000e+01 6.914350000000000364e+03
3.600000000000000000e+01 7.074000000000000000e+03
3.600000000000000000e+01 7.128600000000000364e+03
2.800000000000000000e+01 7.379400000000000546e+03
3.600000000000000000e+01 7.492650000000000546e+03
3.600000000000000000e+01 7.691750000000000000e+03
2.800000000000000000e+01 7.821699999999999818e+03
3.600000000000000000e+01 7.873250000000000000e+03
2.800000000000000000e+01 7.964100000000000364e+03
3.600000000000000000e+01 7.971949999999999818e+03
2.100000000000000000e+01 8.491000000000000227e+02
2.100000000000000000e+01 1.488900000000000091e+03
3.700000000000000000e+01 1.736150000000000091e+03
2.900000000000000000e+01 1.848500000000000000e+03
2.100000000000000000e+01 2.877300000000000182e+03
3.700000000000000000e+01 3.589700000000000273e+03
2.900000000000000000e+01 3.747800000000000182e+03
2.900000000000000000e+01 3.814150000000000091e+03
2.100000000000000000e+01 4.342000000000000000e+03
2.900000000000000000e+01 4.725449999999999818e+03
2.100000000000000000e+01 4.962100000000000364e+03
2.100000000000000000e+01 5.123850000000000364e+03
2.100000000000000000e+01 5.265699999999999818e+03
2.900000000000000000e+01 5.566500000000000000e+03
2.100000000000000000e+01 6.047900000000000546e+03
2.100000000000000000e+01 6.990600000000000364e+03
2.900000000000000000e+01 7.108850000000000364e+03
2.900000000000000000e+01 7.998550000000000182e+03
2.200000000000000000e+01 2.449500000000000171e+02
3.000000000000000000e+01 1.095799999999999955e+03
3.800000000000000000e+01 1.481200000000000045e+03
3.800000000000000000e+01 1.745350000000000136e+03
3.000000000000000000e+01 1.794450000000000045e+03
3.800000000000000000e+01 2.200050000000000182e+03
3.000000000000000000e+01 2.969450000000000273e+03
3.000000000000000000e+01 3.170599999999999909e+03
3.800000000000000000e+01 3.315050000000000182e+03
3.800000000000000000e+01 3.607750000000000000e+03
3.000000000000000000e+01 3.757900000000000091e+03
3.800000000000000000e+01 3.947800000000000182e+03
2.200000000000000000e+01 4.007650000000000091e+03
3.000000000000000000e+01 4.775100000000000364e+03
2.200000000000000000e+01 4.855750000000000000e+03
3.800000000000000000e+01 5.467600000000000364e+03
3.800000000000000000e+01 5.760300000000000182e+03
3.000000000000000000e+01 5.851449999999999818e+03
3.000000000000000000e+01 6.041800000000000182e+03
2.200000000000000000e+01 6.594350000000000364e+03
2.200000000000000000e+01 6.632900000000000546e+03
3.800000000000000000e+01 6.822800000000000182e+03
3.800000000000000000e+01 6.862949999999999818e+03
3.800000000000000000e+01 6.957400000000000546e+03
3.800000000000000000e+01 6.975750000000000000e+03
3.000000000000000000e+01 7.350850000000000364e+03
3.800000000000000000e+01 7.362949999999999818e+03
3.000000000000000000e+01 7.456600000000000364e+03
3.800000000000000000e+01 7.475850000000000364e+03
3.000000000000000000e+01 7.842750000000000000e+03
2.200000000000000000e+01 7.848100000000000364e+03
3.000000000000000000e+01 7.931400000000000546e+03
3.900000000000000000e+01 6.940000000000000568e+01
3.100000000000000000e+01 1.137650000000000091e+03
2.300000000000000000e+01 2.064150000000000091e+03
3.100000000000000000e+01 2.473099999999999909e+03
3.900000000000000000e+01 2.670300000000000182e+03
2.300000000000000000e+01 2.876400000000000091e+03
2.300000000000000000e+01 2.991750000000000000e+03
3.900000000000000000e+01 3.261550000000000182e+03
2.300000000000000000e+01 3.420800000000000182e+03
3.900000000000000000e+01 3.879849999999999909e+03
2.300000000000000000e+01 3.961349999999999909e+03
3.900000000000000000e+01 4.042300000000000182e+03
3.100000000000000000e+01 4.193750000000000000e+03
3.900000000000000000e+01 4.443699999999999818e+03
3.900000000000000000e+01 4.839000000000000000e+03
3.100000000000000000e+01 4.842350000000000364e+03
2.300000000000000000e+01 4.845850000000000364e+03
3.900000000000000000e+01 5.006350000000000364e+03
2.300000000000000000e+01 5.281100000000000364e+03
2.300000000000000000e+01 5.446699999999999818e+03
3.900000000000000000e+01 5.815250000000000000e+03
3.900000000000000000e+01 5.875250000000000000e+03
3.900000000000000000e+01 6.070150000000000546e+03
3.100000000000000000e+01 6.210350000000000364e+03
3.100000000000000000e+01 6.233400000000000546e+03
2.300000000000000000e+01 6.235199999999999818e+03
3.900000000000000000e+01 6.577500000000000000e+03
2.300000000000000000e+01 6.757300000000000182e+03
3.100000000000000000e+01 6.782150000000000546e+03
3.100000000000000000e+01 6.877150000000000546e+03
2.300000000000000000e+01 6.881800000000000182e+03
3.900000000000000000e+01 6.912050000000000182e+03
3.900000000000000000e+01 6.940449999999999818e+03
3.100000000000000000e+01 6.992100000000000364e+03
3.900000000000000000e+01 7.124650000000000546e+03
3.100000000000000000e+01 7.439600000000000364e+03
3.900000000000000000e+01 7.484949999999999818e+03
2.300000000000000000e+01 7.508000000000000000e+03
2.300000000000000000e+01 7.893050000000000182e+03
