5.600000000000000000e+01 1.140100000000000136e+03
5.600000000000000000e+01 2.163400000000000091e+03
5.600000000000000000e+01 3.311000000000000000e+03
4.800000000000000000e+01 3.577300000000000182e+03
5.600000000000000000e+01 3.802800000000000182e+03
4.800000000000000000e+01 4.113149999999999636e+03
4.800000000000000000e+01 4.176750000000000000e+03
5.600000000000000000e+01 4.183500000000000000e+03
5.600000000000000000e+01 4.477000000000000000e+03
5.600000000000000000e+01 4.907199999999999818e+03
4.800000000000000000e+01 5.585449999999999818e+03
4.800000000000000000e+01 5.713650000000000546e+03
5.600000000000000000e+01 5.739199999999999818e+03
4.800000000000000000e+01 6.293750000000000000e+03
5.600000000000000000e+01 6.444449999999999818e+03
4.800000000000000000e+01 6.783050000000000182e+03
4.800000000000000000e+01 7.190900000000000546e+03
5.600000000000000000e+01 7.210199999999999818e+03
5.600000000000000000e+01 7.273500000000000000e+03
5.600000000000000000e+01 7.498400000000000546e+03
5.600000000000000000e+01 7.799650000000000546e+03
4.900000000000000000e+01 6.158500000000000227e+02
4.100000000000000000e+01 8.183500000000000227e+02
5.700000000000000000e+01 1.193400000000000091e+03
4.900000000000000000e+01 1.207650000000000091e+03
4.100000000000000000e+01 1.793100000000000136e+03
5.700000000000000000e+01 2.125349999999999909e+03
4.900000000000000000e+01 2.135250000000000000e+03
4.100000000000000000e+01 2.386599999999999909e+03
5.700000000000000000e+01 3.131200000000000273e+03
4.900000000000000000e+01 3.448550000000000182e+03
4.100000000000000000e+01 3.492000000000000000e+03
5.700000000000000000e+01 3.599700000000000273e+03
4.900000000000000000e+01 3.718500000000000000e+03
5.700000000000000000e+01 4.119050000000000182e+03
5.700000000000000000e+01 4.300500000000000000e+03
4.100000000000000000e+01 4.320600000000000364e+03
4.900000000000000000e+01 4.349600000000000364e+03
5.700000000000000000e+01 4.365000000000000000e+03
4.900000000000000000e+01 4.887699999999999818e+03
4.100000000000000000e+01 5.247850000000000364e+03
5.700000000000000000e+01 5.348650000000000546e+03
4.900000000000000000e+01 5.670400000000000546e+03
5.700000000000000000e+01 5.718199999999999818e+03
5.700000000000000000e+01 5.992150000000000546e+03
5.700000000000000000e+01 6.854250000000000000e+03
5.700000000000000000e+01 6.940300000000000182e+03
4.900000000000000000e+01 7.209100000000000364e+03
4.100000000000000000e+01 7.417600000000000364e+03
4.100000000000000000e+01 7.529150000000000546e+03
5.700000000000000000e+01 7.738100000000000364e+03
4.900000000000000000e+01 7.846300000000000182e+03
4.100000000000000000e+01 7.988949999999999818e+03
4.900000000000000000e+01 7.997400000000000546e+03
5.000000000000000000e+01 7.417500000000000000e+02
5.800000000000000000e+01 1.219750000000000000e+03
5.800000000000000000e+01 1.678900000000000091e+03
5.800000000000000000e+01 1.945450000000000045e+03
5.000000000000000000e+01 2.380000000000000000e+03
5.800000000000000000e+01 3.105900000000000091e+03
5.000000000000000000e+01 3.191900000000000091e+03
5.000000000000000000e+01 3.212849999999999909e+03
5.800000000000000000e+01 4.040400000000000091e+03
5.000000000000000000e+01 4.119899999999999636e+03
4.200000000000000000e+01 4.136350000000000364e+03
5.800000000000000000e+01 4.164899999999999636e+03
5.000000000000000000e+01 4.278000000000000000e+03
5.000000000000000000e+01 4.460800000000000182e+03
5.000000000000000000e+01 4.521150000000000546e+03
5.800000000000000000e+01 4.532000000000000000e+03
5.000000000000000000e+01 4.629300000000000182e+03
4.200000000000000000e+01 4.799500000000000000e+03
4.200000000000000000e+01 5.052449999999999818e+03
4.200000000000000000e+01 5.193400000000000546e+03
4.200000000000000000e+01 5.617050000000000182e+03
5.800000000000000000e+01 5.681949999999999818e+03
5.800000000000000000e+01 5.794150000000000546e+03
5.800000000000000000e+01 5.857650000000000546e+03
4.200000000000000000e+01 6.239400000000000546e+03
5.000000000000000000e+01 6.240600000000000364e+03
5.800000000000000000e+01 6.807550000000000182e+03
5.800000000000000000e+01 7.221900000000000546e+03
5.000000000000000000e+01 7.414199999999999818e+03
5.000000000000000000e+01 7.470750000000000000e+03
4.200000000000000000e+01 7.500650000000000546e+03
5.000000000000000000e+01 7.516400000000000546e+03
5.800000000000000000e+01 7.586850000000000364e+03
5.800000000000000000e+01 7.724699999999999818e+03
4.200000000000000000e+01 7.728800000000000182e+03
5.800000000000000000e+01 7.790800000000000182e+03
5.000000000000000000e+01 7.985750000000000000e+03
5.800000000000000000e+01 7.998400000000000546e+03
5.100000000000000000e+01 9.156499999999999773e+02
4.300000000000000000e+01 1.531049999999999955e+03
4.300000000000000000e+01 1.817150000000000091e+03
5.900000000000000000e+01 1.992600000000000136e+03
4.300000000000000000e+01 2.348250000000000000e+03
5.100000000000000000e+01 2.382700000000000273e+03
5.900000000000000000e+01 2.860349999999999909e+03
4.300000000000000000e+01 3.071550000000000182e+03
5.900000000000000000e+01 3.107700000000000273e+03
5.100000000000000000e+01 3.197800000000000182e+03
4.300000000000000000e+01 3.601349999999999909e+03
5.900000000000000000e+01 4.041000000000000000e+03
4.300000000000000000e+01 4.110699999999999818e+03
4.300000000000000000e+01 4.124500000000000000e+03
5.100000000000000000e+01 4.130449999999999818e+03
5.100000000000000000e+01 5.249449999999999818e+03
5.900000000000000000e+01 5.380699999999999818e+03
5.900000000000000000e+01 5.520600000000000364e+03
5.900000000000000000e+01 5.710199999999999818e+03
4.300000000000000000e+01 5.963050000000000182e+03
5.900000000000000000e+01 5.983699999999999818e+03
5.100000000000000000e+01 6.121250000000000000e+03
5.900000000000000000e+01 6.221750000000000000e+03
4.300000000000000000e+01 6.248350000000000364e+03
4.300000000000000000e+01 6.346600000000000364e+03
4.300000000000000000e+01 6.470250000000000000e+03
5.900000000000000000e+01 6.997949999999999818e+03
4.300000000000000000e+01 7.337550000000000182e+03
4.300000000000000000e+01 7.446400000000000546e+03
4.300000000000000000e+01 7.704350000000000364e+03
6.000000000000000000e+01 5.898999999999999773e+02
5.200000000000000000e+01 6.409500000000000455e+02
6.000000000000000000e+01 9.162500000000000000e+02
6.000000000000000000e+01 9.598999999999999773e+02
5.200000000000000000e+01 2.569849999999999909e+03
5.200000000000000000e+01 3.144349999999999909e+03
6.000000000000000000e+01 3.426700000000000273e+03
5.200000000000000000e+01 3.465400000000000091e+03
6.000000000000000000e+01 3.730400000000000091e+03
5.200000000000000000e+01 3.775849999999999909e+03
6.000000000000000000e+01 4.100850000000000364e+03
5.200000000000000000e+01 4.116050000000000182e+03
4.400000000000000000e+01 4.150399999999999636e+03
6.000000000000000000e+01 4.281649999999999636e+03
5.200000000000000000e+01 4.297399999999999636e+03
4.400000000000000000e+01 4.347949999999999818e+03
5.200000000000000000e+01 5.346600000000000364e+03
4.400000000000000000e+01 5.578250000000000000e+03
5.200000000000000000e+01 5.590949999999999818e+03
6.000000000000000000e+01 5.602449999999999818e+03
4.400000000000000000e+01 5.935050000000000182e+03
4.400000000000000000e+01 6.224550000000000182e+03
4.400000000000000000e+01 6.350449999999999818e+03
6.000000000000000000e+01 6.854699999999999818e+03
6.000000000000000000e+01 6.965650000000000546e+03
4.400000000000000000e+01 7.158449999999999818e+03
6.000000000000000000e+01 7.205199999999999818e+03
5.200000000000000000e+01 7.566949999999999818e+03
4.400000000000000000e+01 7.694449999999999818e+03
5.200000000000000000e+01 7.701100000000000364e+03
6.000000000000000000e+01 7.987550000000000182e+03
4.400000000000000000e+01 7.996100000000000364e+03
5.300000000000000000e+01 2.043499999999999943e+02
5.300000000000000000e+01 1.441650000000000091e+03
5.300000000000000000e+01 1.668200000000000045e+03
5.300000000000000000e+01 1.807750000000000000e+03
5.300000000000000000e+01 2.912400000000000091e+03
4.500000000000000000e+01 3.071099999999999909e+03
4.500000000000000000e+01 3.129750000000000000e+03
5.300000000000000000e+01 3.572750000000000000e+03
4.500000000000000000e+01 4.061349999999999909e+03
5.300000000000000000e+01 4.121199999999999818e+03
5.300000000000000000e+01 4.174300000000000182e+03
5.300000000000000000e+01 4.307449999999999818e+03
5.300000000000000000e+01 4.444500000000000000e+03
5.300000000000000000e+01 5.118699999999999818e+03
4.500000000000000000e+01 5.618449999999999818e+03
5.300000000000000000e+01 5.878949999999999818e+03
5.300000000000000000e+01 5.964550000000000182e+03
4.500000000000000000e+01 6.351850000000000364e+03
4.500000000000000000e+01 6.881199999999999818e+03
4.500000000000000000e+01 6.935600000000000364e+03
5.300000000000000000e+01 7.487150000000000546e+03
5.300000000000000000e+01 7.519449999999999818e+03
4.500000000000000000e+01 7.857750000000000000e+03
5.400000000000000000e+01 2.922500000000000000e+02
5.400000000000000000e+01 1.572299999999999955e+03
5.400000000000000000e+01 1.931750000000000000e+03
4.600000000000000000e+01 1.942200000000000045e+03
4.600000000000000000e+01 2.124750000000000000e+03
5.400000000000000000e+01 2.153599999999999909e+03
4.600000000000000000e+01 3.572550000000000182e+03
4.600000000000000000e+01 3.745849999999999909e+03
5.400000000000000000e+01 4.060000000000000000e+03
5.400000000000000000e+01 4.294199999999999818e+03
5.400000000000000000e+01 4.450850000000000364e+03
4.600000000000000000e+01 5.294199999999999818e+03
4.600000000000000000e+01 5.788150000000000546e+03
5.400000000000000000e+01 6.061449999999999818e+03
5.400000000000000000e+01 6.240300000000000182e+03
5.400000000000000000e+01 6.423500000000000000e+03
4.600000000000000000e+01 6.979350000000000364e+03
5.400000000000000000e+01 7.010250000000000000e+03
4.600000000000000000e+01 7.086900000000000546e+03
4.600000000000000000e+01 7.149350000000000364e+03
5.400000000000000000e+01 7.381350000000000364e+03
4.600000000000000000e+01 7.832150000000000546e+03
4.600000000000000000e+01 7.996750000000000000e+03
5.500000000000000000e+01 4.919499999999999886e+02
5.500000000000000000e+01 1.799000000000000000e+03
5.500000000000000000e+01 2.312700000000000273e+03
4.700000000000000000e+01 2.367700000000000273e+03
5.500000000000000000e+01 3.198599999999999909e+03
4.700000000000000000e+01 3.364050000000000182e+03
5.500000000000000000e+01 3.934800000000000182e+03
4.700000000000000000e+01 4.037250000000000000e+03
5.500000000000000000e+01 4.300600000000000364e+03
5.500000000000000000e+01 4.464900000000000546e+03
5.500000000000000000e+01 5.442000000000000000e+03
4.700000000000000000e+01 5.611300000000000182e+03
5.500000000000000000e+01 5.734650000000000546e+03
4.700000000000000000e+01 5.988250000000000000e+03
4.700000000000000000e+01 6.086199999999999818e+03
4.700000000000000000e+01 6.112800000000000182e+03
5.500000000000000000e+01 6.967449999999999818e+03
4.700000000000000000e+01 7.162000000000000000e+03
4.700000000000000000e+01 7.497199999999999818e+03
4.700000000000000000e+01 7.744250000000000000e+03
