2.400000000000000000e+01 2.555999999999999943e+02
4.000000000000000000e+01 9.518000000000000682e+02
3.200000000000000000e+01 1.650950000000000045e+03
2.400000000000000000e+01 2.113699999999999818e+03
2.400000000000000000e+01 2.288300000000000182e+03
3.200000000000000000e+01 2.380200000000000273e+03
2.400000000000000000e+01 2.517099999999999909e+03
2.400000000000000000e+01 2.635450000000000273e+03
4.000000000000000000e+01 2.789849999999999909e+03
3.200000000000000000e+01 3.197150000000000091e+03
4.000000000000000000e+01 3.892099999999999909e+03
2.400000000000000000e+01 3.979099999999999909e+03
2.400000000000000000e+01 4.229149999999999636e+03
2.400000000000000000e+01 4.407199999999999818e+03
4.000000000000000000e+01 4.695199999999999818e+03
2.400000000000000000e+01 4.745500000000000000e+03
3.200000000000000000e+01 5.262949999999999818e+03
4.000000000000000000e+01 5.716250000000000000e+03
4.000000000000000000e+01 5.963750000000000000e+03
3.200000000000000000e+01 6.005850000000000364e+03
4.000000000000000000e+01 6.016900000000000546e+03
4.000000000000000000e+01 6.274850000000000364e+03
2.400000000000000000e+01 6.351250000000000000e+03
2.400000000000000000e+01 6.660150000000000546e+03
4.000000000000000000e+01 6.701900000000000546e+03
3.200000000000000000e+01 7.014300000000000182e+03
4.000000000000000000e+01 7.590000000000000000e+03
2.500000000000000000e+01 6.668500000000000227e+02
3.300000000000000000e+01 1.498250000000000000e+03
2.500000000000000000e+01 1.719000000000000000e+03
2.500000000000000000e+01 1.838500000000000000e+03
3.300000000000000000e+01 2.180199999999999818e+03
2.500000000000000000e+01 2.488400000000000091e+03
2.500000000000000000e+01 2.879099999999999909e+03
3.300000000000000000e+01 3.284650000000000091e+03
2.500000000000000000e+01 3.370700000000000273e+03
3.300000000000000000e+01 4.391350000000000364e+03
3.300000000000000000e+01 4.593050000000000182e+03
2.500000000000000000e+01 5.216900000000000546e+03
3.300000000000000000e+01 5.464650000000000546e+03
3.300000000000000000e+01 5.626350000000000364e+03
3.300000000000000000e+01 5.802100000000000364e+03
3.300000000000000000e+01 6.315300000000000182e+03
3.300000000000000000e+01 6.364199999999999818e+03
2.500000000000000000e+01 6.732000000000000000e+03
3.300000000000000000e+01 6.956400000000000546e+03
2.500000000000000000e+01 7.212050000000000182e+03
3.300000000000000000e+01 7.472699999999999818e+03
3.300000000000000000e+01 7.886350000000000364e+03
3.400000000000000000e+01 8.000000000000000000e+02
3.400000000000000000e+01 1.284600000000000136e+03
3.400000000000000000e+01 1.378200000000000045e+03
3.400000000000000000e+01 1.832100000000000136e+03
3.400000000000000000e+01 2.403300000000000182e+03
2.600000000000000000e+01 2.743250000000000000e+03
3.400000000000000000e+01 2.873750000000000000e+03
3.400000000000000000e+01 3.225349999999999909e+03
2.600000000000000000e+01 4.409050000000000182e+03
2.600000000000000000e+01 4.734750000000000000e+03
3.400000000000000000e+01 4.758900000000000546e+03
2.600000000000000000e+01 5.236900000000000546e+03
2.600000000000000000e+01 5.740550000000000182e+03
2.600000000000000000e+01 5.884800000000000182e+03
2.600000000000000000e+01 6.629900000000000546e+03
3.400000000000000000e+01 6.987750000000000000e+03
3.400000000000000000e+01 7.171350000000000364e+03
2.600000000000000000e+01 7.222600000000000364e+03
3.400000000000000000e+01 7.566350000000000364e+03
3.400000000000000000e+01 7.819400000000000546e+03
2.600000000000000000e+01 7.911000000000000000e+03
2.600000000000000000e+01 7.972800000000000182e+03
2.700000000000000000e+01 2.140000000000000213e+01
3.500000000000000000e+01 4.104499999999999886e+02
3.500000000000000000e+01 2.760500000000000000e+03
2.700000000000000000e+01 3.198500000000000000e+03
2.700000000000000000e+01 3.279550000000000182e+03
3.500000000000000000e+01 4.121649999999999636e+03
3.500000000000000000e+01 4.215149999999999636e+03
3.500000000000000000e+01 4.403300000000000182e+03
3.500000000000000000e+01 5.010250000000000000e+03
2.700000000000000000e+01 5.166150000000000546e+03
3.500000000000000000e+01 5.334750000000000000e+03
2.700000000000000000e+01 5.367100000000000364e+03
3.500000000000000000e+01 5.742600000000000364e+03
2.700000000000000000e+01 6.301350000000000364e+03
3.500000000000000000e+01 6.348550000000000182e+03
2.700000000000000000e+01 6.748949999999999818e+03
2.700000000000000000e+01 6.833050000000000182e+03
3.500000000000000000e+01 7.039350000000000364e+03
3.500000000000000000e+01 7.151400000000000546e+03
2.700000000000000000e+01 7.218449999999999818e+03
2.700000000000000000e+01 7.238850000000000364e+03
3.500000000000000000e+01 7.354199999999999818e+03
2.700000000000000000e+01 7.354750000000000000e+03
3.500000000000000000e+01 7.512850000000000364e+03
3.500000000000000000e+01 7.568600000000000364e+03
3.500000000000000000e+01 7.672949999999999818e+03
3.500000000000000000e+01 7.882199999999999818e+03
2.800000000000000000e+01 1.071500000000000000e+03
2.800000000000000000e+01 1.661150000000000091e+03
3.600000000000000000e+01 1.711500000000000000e+03
2.800000000000000000e+01 2.123900000000000091e+03
2.800000000000000000e+01 2.481849999999999909e+03
2.800000000000000000e+01 2.711400000000000091e+03
3.600000000000000000e+01 3.859250000000000000e+03
2.800000000000000000e+01 4.505500000000000000e+03
3.600000000000000000e+01 4.527650000000000546e+03
2.800000000000000000e+01 4.695550000000000182e+03
3.600000000000000000e+01 4.839750000000000000e+03
2.800000000000000000e+01 4.852350000000000364e+03
3.600000000000000000e+01 5.153449999999999818e+03
2.800000000000000000e+01 5.163699999999999818e+03
3.600000000000000000e+01 5.248900000000000546e+03
3.600000000000000000e+01 5.653000000000000000e+03
2.800000000000000000e+01 6.179400000000000546e+03
3.600000000000000000e+01 6.283449999999999818e+03
3.600000000000000000e+01 6.703100000000000364e+03
2.800000000000000000e+01 6.805100000000000364e+03
3.600000000000000000e+01 7.027350000000000364e+03
2.800000000000000000e+01 7.307699999999999818e+03
2.800000000000000000e+01 7.917250000000000000e+03
2.900000000000000000e+01 1.657350000000000136e+03
2.100000000000000000e+01 1.838799999999999955e+03
2.100000000000000000e+01 2.093099999999999909e+03
3.700000000000000000e+01 2.134449999999999818e+03
2.900000000000000000e+01 2.503000000000000000e+03
2.100000000000000000e+01 2.887550000000000182e+03
2.100000000000000000e+01 3.191099999999999909e+03
3.700000000000000000e+01 3.700450000000000273e+03
2.900000000000000000e+01 3.879500000000000000e+03
3.700000000000000000e+01 4.747600000000000364e+03
2.900000000000000000e+01 4.848550000000000182e+03
3.700000000000000000e+01 5.019600000000000364e+03
2.900000000000000000e+01 5.037500000000000000e+03
2.100000000000000000e+01 5.040000000000000000e+03
3.700000000000000000e+01 5.290199999999999818e+03
2.100000000000000000e+01 5.732100000000000364e+03
3.700000000000000000e+01 5.752600000000000364e+03
3.700000000000000000e+01 5.928500000000000000e+03
3.700000000000000000e+01 5.991199999999999818e+03
2.900000000000000000e+01 6.355000000000000000e+03
2.100000000000000000e+01 6.794550000000000182e+03
2.900000000000000000e+01 7.054699999999999818e+03
2.100000000000000000e+01 7.329449999999999818e+03
2.900000000000000000e+01 7.356600000000000364e+03
2.100000000000000000e+01 7.767650000000000546e+03
3.000000000000000000e+01 4.573500000000000227e+02
3.800000000000000000e+01 5.214500000000000455e+02
2.200000000000000000e+01 1.708350000000000136e+03
3.800000000000000000e+01 1.788450000000000045e+03
3.000000000000000000e+01 1.840299999999999955e+03
3.800000000000000000e+01 2.010450000000000045e+03
2.200000000000000000e+01 2.418050000000000182e+03
2.200000000000000000e+01 2.748599999999999909e+03
3.800000000000000000e+01 2.965450000000000273e+03
3.000000000000000000e+01 3.177450000000000273e+03
3.800000000000000000e+01 3.270050000000000182e+03
2.200000000000000000e+01 3.281099999999999909e+03
3.800000000000000000e+01 3.478050000000000182e+03
3.800000000000000000e+01 3.770849999999999909e+03
3.800000000000000000e+01 3.909150000000000091e+03
2.200000000000000000e+01 4.289300000000000182e+03
3.800000000000000000e+01 4.529699999999999818e+03
2.200000000000000000e+01 4.571500000000000000e+03
3.800000000000000000e+01 4.646150000000000546e+03
3.800000000000000000e+01 4.713600000000000364e+03
3.800000000000000000e+01 4.845750000000000000e+03
2.200000000000000000e+01 5.000750000000000000e+03
3.800000000000000000e+01 5.062050000000000182e+03
3.800000000000000000e+01 5.137550000000000182e+03
2.200000000000000000e+01 5.374300000000000182e+03
3.800000000000000000e+01 5.454949999999999818e+03
3.000000000000000000e+01 5.553400000000000546e+03
2.200000000000000000e+01 5.760800000000000182e+03
3.000000000000000000e+01 6.142300000000000182e+03
3.800000000000000000e+01 6.192600000000000364e+03
3.000000000000000000e+01 6.366949999999999818e+03
2.200000000000000000e+01 6.633750000000000000e+03
2.200000000000000000e+01 6.658300000000000182e+03
3.000000000000000000e+01 6.708900000000000546e+03
3.800000000000000000e+01 6.952900000000000546e+03
3.000000000000000000e+01 7.253400000000000546e+03
2.200000000000000000e+01 7.333900000000000546e+03
2.200000000000000000e+01 7.467600000000000364e+03
2.200000000000000000e+01 7.556600000000000364e+03
3.800000000000000000e+01 7.698949999999999818e+03
3.000000000000000000e+01 7.765949999999999818e+03
2.200000000000000000e+01 7.884850000000000364e+03
2.300000000000000000e+01 4.097500000000000000e+02
2.300000000000000000e+01 5.257999999999999545e+02
3.900000000000000000e+01 6.571499999999999773e+02
3.900000000000000000e+01 8.188500000000000227e+02
2.300000000000000000e+01 1.301750000000000000e+03
3.900000000000000000e+01 1.707500000000000000e+03
2.300000000000000000e+01 1.779850000000000136e+03
2.300000000000000000e+01 1.846000000000000000e+03
2.300000000000000000e+01 2.619750000000000000e+03
3.100000000000000000e+01 2.634750000000000000e+03
3.900000000000000000e+01 2.668450000000000273e+03
3.100000000000000000e+01 2.964300000000000182e+03
3.100000000000000000e+01 3.171150000000000091e+03
3.100000000000000000e+01 3.223650000000000091e+03
2.300000000000000000e+01 3.276400000000000091e+03
3.900000000000000000e+01 3.546750000000000000e+03
3.100000000000000000e+01 3.612450000000000273e+03
3.100000000000000000e+01 3.686000000000000000e+03
3.100000000000000000e+01 3.963400000000000091e+03
3.900000000000000000e+01 4.060849999999999909e+03
2.300000000000000000e+01 4.200100000000000364e+03
3.100000000000000000e+01 4.260800000000000182e+03
2.300000000000000000e+01 4.269550000000000182e+03
3.900000000000000000e+01 4.472949999999999818e+03
3.900000000000000000e+01 4.804400000000000546e+03
3.900000000000000000e+01 4.835150000000000546e+03
3.100000000000000000e+01 4.835800000000000182e+03
2.300000000000000000e+01 4.861800000000000182e+03
2.300000000000000000e+01 5.195050000000000182e+03
3.100000000000000000e+01 5.209150000000000546e+03
2.300000000000000000e+01 5.270199999999999818e+03
3.100000000000000000e+01 5.304900000000000546e+03
2.300000000000000000e+01 5.459650000000000546e+03
3.100000000000000000e+01 5.716850000000000364e+03
3.900000000000000000e+01 5.887600000000000364e+03
3.900000000000000000e+01 5.988400000000000546e+03
2.300000000000000000e+01 6.008300000000000182e+03
3.900000000000000000e+01 6.654199999999999818e+03
3.900000000000000000e+01 6.727949999999999818e+03
3.900000000000000000e+01 6.770650000000000546e+03
3.100000000000000000e+01 6.857750000000000000e+03
2.300000000000000000e+01 7.025850000000000364e+03
3.900000000000000000e+01 7.359300000000000182e+03
3.900000000000000000e+01 7.715500000000000000e+03
2.300000000000000000e+01 7.735449999999999818e+03
3.100000000000000000e+01 7.898550000000000182e+03
