3.200000000000000000e+01 1.369500000000000000e+03
4.000000000000000000e+01 1.851950000000000045e+03
3.200000000000000000e+01 2.916099999999999909e+03
3.200000000000000000e+01 2.976300000000000182e+03
4.000000000000000000e+01 2.978050000000000182e+03
4.000000000000000000e+01 3.403000000000000000e+03
2.400000000000000000e+01 3.418349999999999909e+03
4.000000000000000000e+01 3.666500000000000000e+03
2.400000000000000000e+01 4.006900000000000091e+03
4.000000000000000000e+01 4.328600000000000364e+03
3.200000000000000000e+01 4.548800000000000182e+03
4.000000000000000000e+01 4.691650000000000546e+03
2.400000000000000000e+01 4.697000000000000000e+03
4.000000000000000000e+01 5.132500000000000000e+03
3.200000000000000000e+01 5.150500000000000000e+03
2.400000000000000000e+01 5.234500000000000000e+03
3.200000000000000000e+01 5.260300000000000182e+03
2.400000000000000000e+01 5.344699999999999818e+03
2.400000000000000000e+01 5.443750000000000000e+03
4.000000000000000000e+01 6.146750000000000000e+03
3.200000000000000000e+01 6.322650000000000546e+03
2.400000000000000000e+01 6.483750000000000000e+03
4.000000000000000000e+01 6.657150000000000546e+03
4.000000000000000000e+01 6.897000000000000000e+03
2.400000000000000000e+01 6.919250000000000000e+03
4.000000000000000000e+01 7.079050000000000182e+03
3.200000000000000000e+01 7.451650000000000546e+03
4.000000000000000000e+01 7.650000000000000000e+03
3.200000000000000000e+01 7.650300000000000182e+03
4.000000000000000000e+01 7.831300000000000182e+03
4.000000000000000000e+01 7.867100000000000364e+03
2.400000000000000000e+01 7.967550000000000182e+03
3.300000000000000000e+01 6.983000000000000682e+02
3.300000000000000000e+01 1.485549999999999955e+03
3.300000000000000000e+01 1.718299999999999955e+03
3.300000000000000000e+01 2.073099999999999909e+03
2.500000000000000000e+01 2.186150000000000091e+03
3.300000000000000000e+01 2.217450000000000273e+03
2.500000000000000000e+01 4.569800000000000182e+03
2.500000000000000000e+01 5.503550000000000182e+03
2.500000000000000000e+01 5.583199999999999818e+03
2.500000000000000000e+01 6.275750000000000000e+03
3.300000000000000000e+01 6.306000000000000000e+03
3.300000000000000000e+01 6.821900000000000546e+03
2.500000000000000000e+01 6.885650000000000546e+03
2.500000000000000000e+01 7.328949999999999818e+03
2.500000000000000000e+01 7.631600000000000364e+03
3.300000000000000000e+01 7.820550000000000182e+03
2.500000000000000000e+01 7.855100000000000364e+03
2.500000000000000000e+01 7.884250000000000000e+03
2.600000000000000000e+01 2.278499999999999943e+02
3.400000000000000000e+01 1.636500000000000000e+03
3.400000000000000000e+01 3.403250000000000000e+03
3.400000000000000000e+01 3.777450000000000273e+03
2.600000000000000000e+01 4.106550000000000182e+03
2.600000000000000000e+01 5.252850000000000364e+03
2.600000000000000000e+01 5.376800000000000182e+03
2.600000000000000000e+01 6.485449999999999818e+03
3.400000000000000000e+01 6.854350000000000364e+03
2.600000000000000000e+01 6.865900000000000546e+03
3.400000000000000000e+01 6.909650000000000546e+03
3.400000000000000000e+01 7.093550000000000182e+03
2.600000000000000000e+01 7.363900000000000546e+03
3.400000000000000000e+01 7.499050000000000182e+03
2.600000000000000000e+01 7.859050000000000182e+03
3.400000000000000000e+01 7.881100000000000364e+03
2.600000000000000000e+01 7.979250000000000000e+03
2.700000000000000000e+01 1.432500000000000000e+03
2.700000000000000000e+01 1.787299999999999955e+03
3.500000000000000000e+01 2.567700000000000273e+03
2.700000000000000000e+01 2.879900000000000091e+03
3.500000000000000000e+01 3.280000000000000000e+03
2.700000000000000000e+01 4.009050000000000182e+03
3.500000000000000000e+01 4.510900000000000546e+03
2.700000000000000000e+01 5.135699999999999818e+03
3.500000000000000000e+01 6.009000000000000000e+03
3.500000000000000000e+01 6.102100000000000364e+03
3.500000000000000000e+01 6.134000000000000000e+03
3.500000000000000000e+01 6.811600000000000364e+03
3.500000000000000000e+01 6.864699999999999818e+03
2.700000000000000000e+01 7.258300000000000182e+03
2.700000000000000000e+01 7.381150000000000546e+03
3.500000000000000000e+01 7.492699999999999818e+03
2.700000000000000000e+01 7.863350000000000364e+03
2.800000000000000000e+01 5.955500000000000682e+02
2.800000000000000000e+01 1.786000000000000000e+03
3.600000000000000000e+01 2.332700000000000273e+03
3.600000000000000000e+01 3.837050000000000182e+03
3.600000000000000000e+01 4.066750000000000000e+03
2.800000000000000000e+01 4.484800000000000182e+03
3.600000000000000000e+01 4.589900000000000546e+03
2.800000000000000000e+01 4.821900000000000546e+03
2.800000000000000000e+01 5.024250000000000000e+03
2.800000000000000000e+01 5.100050000000000182e+03
3.600000000000000000e+01 5.247400000000000546e+03
3.600000000000000000e+01 5.713300000000000182e+03
2.800000000000000000e+01 6.500449999999999818e+03
3.600000000000000000e+01 6.667150000000000546e+03
2.800000000000000000e+01 7.225000000000000000e+03
2.800000000000000000e+01 7.519150000000000546e+03
3.600000000000000000e+01 7.544750000000000000e+03
3.600000000000000000e+01 7.904250000000000000e+03
3.600000000000000000e+01 7.946150000000000546e+03
2.100000000000000000e+01 8.491000000000000227e+02
2.100000000000000000e+01 1.488900000000000091e+03
3.700000000000000000e+01 1.736150000000000091e+03
2.900000000000000000e+01 1.848500000000000000e+03
2.100000000000000000e+01 2.877300000000000182e+03
2.100000000000000000e+01 4.619750000000000000e+03
2.900000000000000000e+01 4.724900000000000546e+03
2.900000000000000000e+01 5.238050000000000182e+03
2.100000000000000000e+01 5.404949999999999818e+03
2.100000000000000000e+01 6.124300000000000182e+03
2.100000000000000000e+01 6.148199999999999818e+03
2.100000000000000000e+01 6.179949999999999818e+03
3.700000000000000000e+01 6.182650000000000546e+03
3.700000000000000000e+01 6.329300000000000182e+03
2.900000000000000000e+01 6.414900000000000546e+03
3.700000000000000000e+01 6.421050000000000182e+03
3.700000000000000000e+01 6.676400000000000546e+03
2.100000000000000000e+01 6.912050000000000182e+03
2.100000000000000000e+01 7.105600000000000364e+03
2.900000000000000000e+01 7.108100000000000364e+03
3.700000000000000000e+01 7.145949999999999818e+03
2.900000000000000000e+01 7.335300000000000182e+03
3.700000000000000000e+01 7.522150000000000546e+03
2.100000000000000000e+01 7.649050000000000182e+03
2.900000000000000000e+01 7.650600000000000364e+03
2.200000000000000000e+01 2.449500000000000171e+02
3.000000000000000000e+01 1.095799999999999955e+03
3.800000000000000000e+01 1.481200000000000045e+03
3.800000000000000000e+01 1.745350000000000136e+03
3.000000000000000000e+01 1.794450000000000045e+03
3.800000000000000000e+01 2.200050000000000182e+03
3.000000000000000000e+01 2.969450000000000273e+03
3.000000000000000000e+01 3.170599999999999909e+03
3.800000000000000000e+01 3.315050000000000182e+03
3.000000000000000000e+01 3.419750000000000000e+03
3.800000000000000000e+01 4.469000000000000000e+03
3.800000000000000000e+01 4.693650000000000546e+03
3.000000000000000000e+01 4.724550000000000182e+03
3.800000000000000000e+01 4.843900000000000546e+03
3.000000000000000000e+01 4.847000000000000000e+03
3.000000000000000000e+01 5.019750000000000000e+03
3.000000000000000000e+01 5.398250000000000000e+03
3.000000000000000000e+01 5.977350000000000364e+03
2.200000000000000000e+01 6.183199999999999818e+03
2.200000000000000000e+01 6.353600000000000364e+03
3.000000000000000000e+01 6.379699999999999818e+03
2.200000000000000000e+01 6.899600000000000364e+03
3.000000000000000000e+01 7.094600000000000364e+03
3.000000000000000000e+01 7.629850000000000364e+03
3.000000000000000000e+01 7.666600000000000364e+03
3.000000000000000000e+01 7.861350000000000364e+03
3.000000000000000000e+01 7.930100000000000364e+03
3.900000000000000000e+01 6.940000000000000568e+01
3.100000000000000000e+01 1.137650000000000091e+03
2.300000000000000000e+01 2.064150000000000091e+03
3.100000000000000000e+01 2.473099999999999909e+03
3.900000000000000000e+01 2.670300000000000182e+03
2.300000000000000000e+01 2.876400000000000091e+03
2.300000000000000000e+01 2.991750000000000000e+03
3.900000000000000000e+01 3.261550000000000182e+03
3.100000000000000000e+01 3.440849999999999909e+03
3.100000000000000000e+01 3.666200000000000273e+03
2.300000000000000000e+01 4.275850000000000364e+03
2.300000000000000000e+01 4.381449999999999818e+03
3.900000000000000000e+01 4.459500000000000000e+03
2.300000000000000000e+01 4.570250000000000000e+03
3.100000000000000000e+01 4.630900000000000546e+03
3.100000000000000000e+01 4.692650000000000546e+03
3.900000000000000000e+01 5.043050000000000182e+03
2.300000000000000000e+01 5.684100000000000364e+03
3.100000000000000000e+01 6.361699999999999818e+03
3.100000000000000000e+01 6.970150000000000546e+03
3.900000000000000000e+01 7.212750000000000000e+03
3.100000000000000000e+01 7.263050000000000182e+03
3.100000000000000000e+01 7.860250000000000000e+03
