4.800000000000000000e+01 1.800000000000000000e+01
5.600000000000000000e+01 1.825000000000000000e+01
4.800000000000000000e+01 2.035000000000000142e+01
5.600000000000000000e+01 2.140000000000000213e+01
4.800000000000000000e+01 2.260000000000000142e+01
5.600000000000000000e+01 1.089500000000000028e+02
5.600000000000000000e+01 3.454499999999999886e+02
5.600000000000000000e+01 5.818999999999999773e+02
4.800000000000000000e+01 6.984500000000000455e+02
4.800000000000000000e+01 7.661499999999999773e+02
5.600000000000000000e+01 1.014600000000000023e+03
5.600000000000000000e+01 1.813850000000000136e+03
4.800000000000000000e+01 3.279000000000000000e+03
4.800000000000000000e+01 3.560000000000000000e+03
4.800000000000000000e+01 3.689450000000000273e+03
4.800000000000000000e+01 4.119550000000000182e+03
4.800000000000000000e+01 4.605699999999999818e+03
4.800000000000000000e+01 4.757500000000000000e+03
4.800000000000000000e+01 4.825699999999999818e+03
4.800000000000000000e+01 4.900449999999999818e+03
5.600000000000000000e+01 5.445350000000000364e+03
4.800000000000000000e+01 6.602250000000000000e+03
4.100000000000000000e+01 1.805000000000000071e+01
4.900000000000000000e+01 1.810000000000000142e+01
5.700000000000000000e+01 1.810000000000000142e+01
4.100000000000000000e+01 2.040000000000000213e+01
4.900000000000000000e+01 2.050000000000000000e+01
5.700000000000000000e+01 2.055000000000000071e+01
4.100000000000000000e+01 2.269999999999999929e+01
4.900000000000000000e+01 2.354000000000000057e+02
4.900000000000000000e+01 2.530999999999999943e+02
4.900000000000000000e+01 2.764000000000000341e+02
4.900000000000000000e+01 4.239499999999999886e+02
5.700000000000000000e+01 6.723999999999999773e+02
4.900000000000000000e+01 8.255000000000000000e+02
4.900000000000000000e+01 1.106549999999999955e+03
4.900000000000000000e+01 1.300500000000000000e+03
4.100000000000000000e+01 2.096599999999999909e+03
4.900000000000000000e+01 2.787400000000000091e+03
5.700000000000000000e+01 3.129800000000000182e+03
4.100000000000000000e+01 3.168000000000000000e+03
4.100000000000000000e+01 3.954599999999999909e+03
4.100000000000000000e+01 4.611750000000000000e+03
5.700000000000000000e+01 4.836300000000000182e+03
4.100000000000000000e+01 6.065199999999999818e+03
5.700000000000000000e+01 6.418150000000000546e+03
4.900000000000000000e+01 6.489050000000000182e+03
4.900000000000000000e+01 6.831800000000000182e+03
5.700000000000000000e+01 7.323600000000000364e+03
5.700000000000000000e+01 7.739650000000000546e+03
4.100000000000000000e+01 7.962850000000000364e+03
5.000000000000000000e+01 1.800000000000000000e+01
5.800000000000000000e+01 1.800000000000000000e+01
4.200000000000000000e+01 1.805000000000000071e+01
4.200000000000000000e+01 2.040000000000000213e+01
5.000000000000000000e+01 2.035000000000000142e+01
5.800000000000000000e+01 2.035000000000000142e+01
5.000000000000000000e+01 2.260000000000000142e+01
5.800000000000000000e+01 2.260000000000000142e+01
4.200000000000000000e+01 2.265000000000000213e+01
5.000000000000000000e+01 1.105000000000000000e+02
5.000000000000000000e+01 3.371500000000000341e+02
5.000000000000000000e+01 3.915000000000000000e+02
5.800000000000000000e+01 4.844000000000000341e+02
5.000000000000000000e+01 9.248500000000000227e+02
4.200000000000000000e+01 1.042599999999999909e+03
5.800000000000000000e+01 1.199500000000000000e+03
4.200000000000000000e+01 1.240100000000000136e+03
5.000000000000000000e+01 1.513850000000000136e+03
5.000000000000000000e+01 2.182750000000000000e+03
5.000000000000000000e+01 2.723050000000000182e+03
4.200000000000000000e+01 3.155349999999999909e+03
5.000000000000000000e+01 3.949150000000000091e+03
5.000000000000000000e+01 4.602400000000000546e+03
5.000000000000000000e+01 4.890449999999999818e+03
4.200000000000000000e+01 4.923949999999999818e+03
4.300000000000000000e+01 1.810000000000000142e+01
5.100000000000000000e+01 1.810000000000000142e+01
5.900000000000000000e+01 1.815000000000000213e+01
4.300000000000000000e+01 2.050000000000000000e+01
5.100000000000000000e+01 2.055000000000000071e+01
5.900000000000000000e+01 2.075000000000000000e+01
5.100000000000000000e+01 4.179499999999999886e+02
4.300000000000000000e+01 9.850000000000000000e+02
5.100000000000000000e+01 1.512850000000000136e+03
4.300000000000000000e+01 2.709300000000000182e+03
5.100000000000000000e+01 2.799750000000000000e+03
5.100000000000000000e+01 3.825099999999999909e+03
5.900000000000000000e+01 4.033950000000000273e+03
4.300000000000000000e+01 5.135050000000000182e+03
4.300000000000000000e+01 5.835550000000000182e+03
4.300000000000000000e+01 5.966750000000000000e+03
4.300000000000000000e+01 6.739850000000000364e+03
4.300000000000000000e+01 7.356699999999999818e+03
6.000000000000000000e+01 1.805000000000000071e+01
4.400000000000000000e+01 1.819999999999999929e+01
5.200000000000000000e+01 1.835000000000000142e+01
6.000000000000000000e+01 2.040000000000000213e+01
4.400000000000000000e+01 2.085000000000000142e+01
5.200000000000000000e+01 2.144999999999999929e+01
6.000000000000000000e+01 2.265000000000000213e+01
4.400000000000000000e+01 1.685999999999999943e+02
6.000000000000000000e+01 2.084000000000000057e+02
6.000000000000000000e+01 3.144000000000000341e+02
6.000000000000000000e+01 4.164499999999999886e+02
4.400000000000000000e+01 1.013000000000000000e+03
4.400000000000000000e+01 1.208700000000000045e+03
4.400000000000000000e+01 1.744350000000000136e+03
6.000000000000000000e+01 2.031850000000000136e+03
5.200000000000000000e+01 2.128449999999999818e+03
6.000000000000000000e+01 3.447150000000000091e+03
4.400000000000000000e+01 3.468599999999999909e+03
6.000000000000000000e+01 3.809400000000000091e+03
4.400000000000000000e+01 4.225699999999999818e+03
6.000000000000000000e+01 4.601400000000000546e+03
4.400000000000000000e+01 4.604500000000000000e+03
4.400000000000000000e+01 4.703600000000000364e+03
4.400000000000000000e+01 5.661000000000000000e+03
5.200000000000000000e+01 6.128900000000000546e+03
4.400000000000000000e+01 6.985949999999999818e+03
4.400000000000000000e+01 7.411650000000000546e+03
5.200000000000000000e+01 7.712199999999999818e+03
4.500000000000000000e+01 1.819999999999999929e+01
5.300000000000000000e+01 1.819999999999999929e+01
5.300000000000000000e+01 2.115000000000000213e+01
4.500000000000000000e+01 2.125000000000000000e+01
5.300000000000000000e+01 1.115000000000000000e+02
5.300000000000000000e+01 1.520350000000000136e+03
4.500000000000000000e+01 2.312450000000000273e+03
4.500000000000000000e+01 2.368550000000000182e+03
5.300000000000000000e+01 4.878050000000000182e+03
5.300000000000000000e+01 5.497900000000000546e+03
4.500000000000000000e+01 6.841699999999999818e+03
5.400000000000000000e+01 1.810000000000000142e+01
4.600000000000000000e+01 1.815000000000000213e+01
5.400000000000000000e+01 2.050000000000000000e+01
4.600000000000000000e+01 2.069999999999999929e+01
4.600000000000000000e+01 4.389499999999999886e+02
5.400000000000000000e+01 6.793000000000000682e+02
5.400000000000000000e+01 8.940500000000000682e+02
4.600000000000000000e+01 9.279500000000000455e+02
5.400000000000000000e+01 1.571950000000000045e+03
5.400000000000000000e+01 2.432000000000000000e+03
4.600000000000000000e+01 4.591949999999999818e+03
4.600000000000000000e+01 5.052150000000000546e+03
5.400000000000000000e+01 5.617850000000000364e+03
4.600000000000000000e+01 6.103949999999999818e+03
5.400000000000000000e+01 6.409600000000000364e+03
5.400000000000000000e+01 6.598250000000000000e+03
4.700000000000000000e+01 1.794999999999999929e+01
5.500000000000000000e+01 1.810000000000000142e+01
4.700000000000000000e+01 2.030000000000000071e+01
5.500000000000000000e+01 2.050000000000000000e+01
4.700000000000000000e+01 2.250000000000000000e+01
5.500000000000000000e+01 3.245000000000000000e+02
5.500000000000000000e+01 3.621500000000000341e+02
5.500000000000000000e+01 5.866499999999999773e+02
4.700000000000000000e+01 1.165900000000000091e+03
4.700000000000000000e+01 2.136250000000000000e+03
4.700000000000000000e+01 2.745000000000000000e+03
5.500000000000000000e+01 2.803500000000000000e+03
4.700000000000000000e+01 2.972200000000000273e+03
4.700000000000000000e+01 4.605650000000000546e+03
4.700000000000000000e+01 5.115949999999999818e+03
4.700000000000000000e+01 5.618900000000000546e+03
5.500000000000000000e+01 5.730250000000000000e+03
5.500000000000000000e+01 6.220650000000000546e+03
5.500000000000000000e+01 7.356650000000000546e+03
